AGIL00168;102637;1;20/06/2006;407032.24;17.3150;31;66786.79;6935.13;938.87;
AGIL00168;101975;1;06/06/2006;38209.06;15.2900;31;3897.37;572.01;71.45;
AGIL00168;103185;1;06/07/2006;35229.99;15.3350;30;3861.57;510.03;76.50;
AGIL00168;103186;1;06/07/2006;468952.47;16.3350;30;36685.94;6383.62;957.54;
AGIL00168;102638;1;20/06/2006;916745.13;18.0000;31;50947.47;14209.55;1931.58;
AGIL00269;103190;1;06/07/2006;19207.29;22.0000;30;2686.65;427.75;64.16;
AGIL00280;103191;1;06/07/2006;159209.64;15.3350;30;11892.90;2034.57;305.18;
AGIL00307;101985;1;06/06/2006;114493.58;21.5000;31;17540.81;2119.72;280.14;
AGIL00307;103195;1;06/07/2006;101055.45;21.5000;30;17300.05;1810.58;271.59;
AGIL00398;103054;1;25/06/2006;302789.61;19.0000;31;17896.10;5128.57;721.96;
AGIL00402;102639;1;20/06/2006;42087.59;20.5000;31;4356.76;742.96;102.27;
AGIL00422;101428;1;20/05/2006;41473.78;15.5400;30;3768.18;580.99;77.24;
AGIL00422;102640;1;20/06/2006;38745.20;15.3150;31;3733.99;549.52;73.35;
AGIL00448;103205;1;06/07/2006;267331.26;15.3350;30;28234.65;3416.27;512.44;
AGIL00448;103208;1;06/07/2006;1355019.82;17.5000;30;59792.97;20151.14;3022.67;
AGIL00470;103212;1;06/07/2006;134869.34;15.3350;30;12999.56;1723.52;258.53;
AGIL00485;102644;1;20/06/2006;32313.83;15.4400;31;8755.72;429.63;57.40;
AGIL00485;101433;1;20/05/2006;1055708.80;19.4600;30;88672.48;17745.68;2419.98;
AGIL00485;102645;1;20/06/2006;1001276.48;19.4600;31;87789.77;17213.03;2358.02;
AGIL00629;102652;1;20/06/2006;227336.94;15.3150;31;60867.79;3168.65;422.91;
AGIL00637;103234;1;06/07/2006;659519.11;19.0000;30;148677.26;10442.39;1566.36;
AGIL00736;103055;1;25/06/2006;3118.59;13.8450;31;3182.67;37.18;5.11;
AGIL00745;102696;1;20/06/2006;474874.64;16.3000;31;37921.84;7081.82;952.28;
AGIL00748;102044;1;06/06/2006;26766.70;17.2900;31;5037.03;398.52;50.94;
AGIL00748;103250;1;06/07/2006;22454.15;17.3350;30;4978.67;400.45;60.07;
AGIL00760;103251;1;06/07/2006;205147.06;17.3350;30;16905.55;3061.88;459.28;
AGIL00760;102046;1;06/06/2006;354755.92;19.5000;31;21635.78;6034.20;786.44;
AGIL00760;103252;1;06/07/2006;344649.70;19.5000;30;21471.56;5650.81;847.62;
AGIL00847;102656;1;20/06/2006;141653.83;15.3150;31;11191.78;2069.97;276.28;
AGIL00847;102052;1;06/06/2006;875705.64;19.1000;31;49946.61;14402.93;1871.21;
AGIL00847;103258;1;06/07/2006;853635.65;19.1000;30;49595.33;13587.03;2038.06;
AGIL00847;101447;1;20/05/2006;515027.64;19.0000;30;38399.77;8486.61;1154.52;
AGIL00847;102658;1;20/06/2006;492937.07;19.0000;31;38050.01;8367.51;1143.64;
AGIL00865;103842;1;16/07/2006;65204.25;17.3400;30;3986.93;979.84;146.98;
AGIL00877;103264;1;06/07/2006;70148.17;15.0100;30;18966.25;1076.76;161.52;
AGIL00877;103265;1;06/07/2006;268209.44;19.0000;30;14287.21;4581.74;687.26;
AGIL00959;102303;1;06/06/2006;88693.36;23.0000;31;6345.13;1756.62;234.20;
AGIL00959;103506;1;06/07/2006;85748.15;23.0000;30;6288.68;1771.45;265.72;
AGIL00964;102065;1;06/06/2006;31883.93;21.5000;31;16942.88;676.39;89.39;
AGIL00964;103272;1;06/07/2006;16083.55;21.5000;30;16659.87;330.18;49.52;
AGIL01115;102677;1;20/06/2006;57133.10;13.4400;31;15325.29;759.76;99.65;
AGIL01126;103304;1;06/07/2006;11548.09;22.0000;30;1615.30;211.71;31.76;
AGIL01126;103305;1;06/07/2006;294939.04;18.3400;30;20395.10;4785.25;717.79;
AGIL01135;102147;1;06/06/2006;184633.17;15.2900;31;18921.97;2430.95;303.66;
AGIL01135;103353;1;06/07/2006;170262.40;15.3350;30;18744.85;2175.81;326.37;
AGIL01138;103309;1;06/07/2006;501956.56;19.4600;30;46108.00;8351.36;1252.71;
AGIL01142;101124;1;06/05/2006;349352.63;14.1400;30;26914.09;4116.54;601.28;
AGIL01142;102330;1;06/06/2006;330671.62;14.1400;31;26693.96;4026.29;494.73;
AGIL01142;103533;1;06/07/2006;311770.48;14.1400;30;26471.25;3673.70;551.05;
AGIL01174;102676;1;20/06/2006;207931.93;18.0000;31;11348.32;3222.94;438.11;
AGIL01190;102108;1;06/06/2006;51014.06;21.5000;31;27108.62;1025.48;135.53;
AGIL01190;103314;1;06/07/2006;25733.44;21.5000;30;26655.56;500.61;75.09;
AGIL01215;102685;1;20/06/2006;59369.23;15.3150;31;31152.76;782.96;104.50;
AGIL01232;102822;1;20/06/2006;242679.70;17.3150;31;46294.77;3618.39;489.85;
AGIL01232;102823;1;20/06/2006;1352139.41;19.0000;31;108329.11;22122.50;3023.60;
AGIL01234;103322;1;06/07/2006;128491.40;15.3350;30;17223.59;1768.56;265.28;
AGIL01247;103136;1;30/06/2006;1590119.65;15.0000;30;67080.12;20322.77;3048.41;
AGIL01340;103063;1;25/06/2006;842378.15;16.1400;31;70198.56;11707.65;1628.95;
AGIL01407;103356;1;06/07/2006;526133.40;18.9500;30;24485.29;8622.07;1293.31;
AGIL01430;100944;1;06/05/2006;107358.36;16.5800;30;23853.15;1688.20;247.56;
AGIL01430;102157;1;06/06/2006;86471.87;16.5800;31;23564.57;1405.09;178.26;
AGIL01430;103363;1;06/07/2006;65296.80;16.5800;30;23272.00;1026.78;154.02;
AGIL01430;101488;1;20/05/2006;627809.66;23.0000;30;43875.97;12099.97;1675.46;
AGIL01430;102701;1;20/06/2006;607999.73;23.0000;31;43496.28;12041.77;1673.72;
AGIL01464;102704;1;20/06/2006;149846.83;22.0000;31;25752.22;2838.76;393.15;
AGIL01468;103369;1;06/07/2006;1342811.81;21.6000;30;79739.00;24170.61;3625.59;
AGIL01505;102245;1;06/06/2006;117196.64;20.1300;31;19850.41;2031.51;266.02;
AGIL01505;103450;1;06/07/2006;101278.17;20.1300;30;19583.38;1698.94;254.84;
AGIL01523;102718;1;20/06/2006;71104.19;20.0000;31;7313.82;1353.62;185.90;
AGIL01561;102715;1;20/06/2006;1222963.07;19.0000;31;60141.46;20009.03;2734.74;
AGIL01589;103379;1;06/07/2006;924614.16;15.3350;30;73498.42;11927.28;1789.09;
AGIL01598;100963;1;06/05/2006;57808.43;23.0000;30;6174.04;1107.99;163.52;
AGIL01598;102176;1;06/06/2006;53850.37;23.0000;31;6098.18;1066.54;142.19;
AGIL01598;103381;1;06/07/2006;49781.68;23.0000;30;6016.66;954.15;143.12;
AGIL01608;76944;1;20/08/2004;105936.40;15.9700;31;12794.26;1456.83;176.94;
AGIL01608;78070;1;20/09/2004;95961.82;15.9700;31;12661.51;1319.66;105.53;
AGIL01608;79190;1;20/10/2004;85854.49;15.9700;30;12527.00;1142.58;67.18;
AGIL01608;80288;1;20/11/2004;75612.65;15.9700;31;12390.70;1039.82;77.60;
AGIL01608;81400;1;20/12/2004;65234.51;15.9700;30;12252.58;868.16;45.88;
AGIL01608;82527;1;20/01/2005;54718.25;15.9700;31;12112.63;752.48;99.18;
AGIL01608;83668;1;20/02/2005;44062.04;15.9700;31;11970.81;605.94;89.86;
AGIL01608;84818;1;20/03/2005;33264.01;15.9700;28;11827.11;413.18;43.56;
AGIL01608;85979;1;20/04/2005;22322.28;15.9700;31;11681.49;306.97;31.58;
AGIL01608;87142;1;20/05/2005;11234.93;15.9700;30;11533.97;149.52;16.01;
AGIL01627;103066;1;25/06/2006;85086.59;18.0000;31;4819.23;1318.84;184.98;
AGIL01648;100969;1;06/05/2006;189954.37;15.6000;30;12900.82;2609.90;382.17;
AGIL01648;102181;1;06/06/2006;182562.23;15.2900;31;12793.63;2532.65;316.37;
AGIL01648;103386;1;06/07/2006;175062.90;15.3350;30;12684.89;2349.21;352.38;
AGIL01648;100970;1;06/05/2006;122903.52;15.6000;30;8347.04;1682.86;246.42;
AGIL01648;102182;1;06/06/2006;118120.68;15.2900;31;8277.69;1633.34;204.03;
AGIL01648;103387;1;06/07/2006;113268.49;15.3350;30;8207.33;1515.36;227.30;
AGIL01648;100309;1;20/04/2006;565509.98;17.6350;31;45856.23;8829.40;1176.43;
AGIL01648;101520;1;20/05/2006;538259.03;17.5400;30;45407.95;8063.02;1087.52;
AGIL01648;102731;1;20/06/2006;510559.80;17.3150;31;44952.30;7773.32;1052.34;
AGIL01655;102732;1;20/06/2006;157674.02;22.0000;31;12004.63;2987.05;413.68;
AGIL01660;103659;1;06/07/2006;553337.32;19.0000;30;44331.61;9021.91;1353.29;
AGIL01676;102739;1;20/06/2006;275376.26;19.5000;31;25309.54;4707.30;644.98;
AGIL01682;102202;1;06/06/2006;616352.60;18.5000;31;47172.03;10161.36;1313.54;
AGIL01682;103407;1;06/07/2006;588184.77;18.5000;30;46737.78;9346.17;1401.93;
AGIL01693;85485;1;06/04/2005;30692.06;16.6700;31;31544.78;476.64;44.24;
AGIL01697;102738;1;20/06/2006;330353.68;22.0000;31;25151.71;6519.04;902.84;
AGIL01700;102743;1;20/06/2006;418371.90;21.0000;31;28819.82;7602.73;1048.76;
AGIL01712;102748;1;20/06/2006;112977.01;19.0000;31;16935.59;2041.28;278.99;
AGIL01734;102213;1;06/06/2006;500621.51;16.2900;31;112304.93;7022.47;888.03;
AGIL01734;103418;1;06/07/2006;403485.42;16.3350;30;110833.31;5492.45;823.87;
AGIL01749;102212;1;06/06/2006;714493.25;17.2900;31;70499.79;11392.33;1456.13;
AGIL01749;103417;1;06/07/2006;663999.28;17.3350;30;69792.87;10262.08;1539.31;
AGIL01753;102572;1;06/06/2006;2379089.67;18.0000;31;225355.27;36875.89;4745.62;
AGIL01753;103778;1;06/07/2006;2187035.38;18.0000;30;219229.21;32805.53;4920.83;
AGIL01754;102758;1;20/06/2006;28823.19;21.0000;31;6575.20;521.22;71.90;
AGIL01758;100652;1;25/04/2006;21984.37;16.9500;31;22605.43;359.97;50.23;
AGIL01761;101540;1;20/05/2006;173109.08;16.4300;30;25363.13;2370.15;317.26;
AGIL01761;102751;1;20/06/2006;152486.25;16.4300;31;25080.77;2318.69;312.07;
AGIL01764;103421;1;06/07/2006;1194008.82;15.3350;30;60644.14;15866.56;2379.99;
AGIL01772;103521;1;06/07/2006;1104261.62;19.0000;30;100767.94;17795.38;2669.31;
AGIL01775;100461;1;20/04/2006;202965.62;17.6350;31;15941.70;3232.17;430.66;
AGIL01775;101666;1;20/05/2006;193045.24;17.5400;30;15794.54;2946.33;397.39;
AGIL01775;102870;1;20/06/2006;182977.70;17.3150;31;15645.21;2834.96;383.79;
AGIL01784;99808;1;06/04/2006;20211.32;16.5600;31;20769.16;306.86;33.51;
AGIL01785;101547;1;20/05/2006;111934.56;18.3100;30;30767.10;1707.93;231.45;
AGIL01785;102760;1;20/06/2006;84583.32;18.3100;31;30349.77;1333.62;181.60;
AGIL01794;102371;1;06/06/2006;923781.96;16.0500;31;61104.19;13172.34;1661.07;
AGIL01794;103574;1;06/07/2006;887388.93;16.0500;30;60617.44;12227.36;1834.10;
AGIL01794;102372;1;06/06/2006;1880197.48;17.0000;31;81698.08;27524.00;3507.61;
AGIL01794;103575;1;06/07/2006;1851771.66;17.0000;30;81295.38;26921.67;4038.25;
AGIL01809;102754;1;20/06/2006;128130.99;16.6400;31;45677.04;1886.48;254.27;
AGIL01816;91425;1;06/09/2005;18057.89;19.1300;31;18633.63;321.05;42.33;
AGIL01825;103488;1;06/07/2006;820586.16;18.5000;30;74344.13;12870.75;1930.62;
AGIL01837;103432;1;06/07/2006;24971.72;20.5000;30;2447.22;426.60;63.99;
AGIL01837;103433;1;06/07/2006;29740.51;18.5000;30;1774.40;512.24;76.83;
AGIL01839;103436;1;06/07/2006;428778.44;17.7000;30;26299.69;6409.23;961.38;
AGIL01841;103441;1;06/07/2006;26333.97;18.3100;30;13871.05;499.28;74.89;
AGIL01847;103452;1;06/07/2006;83021.49;19.8000;30;18805.01;1530.87;229.63;
AGIL01860;102815;1;20/06/2006;645798.89;14.5800;31;55202.35;8261.43;1095.76;
AGIL01874;103096;1;30/06/2006;225839.69;15.5000;30;25073.15;3077.67;461.65;
AGIL01889;102759;1;20/06/2006;30722.75;21.6000;31;2395.85;656.79;90.82;
AGIL01893;102241;1;06/06/2006;163607.92;17.7900;31;44854.49;2648.08;340.12;
AGIL01893;103446;1;06/07/2006;123604.41;17.7900;30;44261.44;1936.07;290.41;
AGIL01905;102769;1;20/06/2006;204986.76;19.6400;31;46387.05;3613.67;495.47;
AGIL01910;103442;1;06/07/2006;45943.01;19.0000;30;2485.31;775.70;116.35;
AGIL01916;102771;1;20/06/2006;57650.69;23.0000;31;4124.33;1141.80;158.70;
AGIL01924;102772;1;20/06/2006;217324.80;18.0000;31;11466.46;3556.86;483.50;
AGIL01928;70107;1;06/02/2004;421992.22;19.6400;31;28219.37;7428.54;746.55;
AGIL01928;71162;1;06/03/2004;407586.07;19.6400;29;27983.57;6692.96;604.40;
AGIL01928;72233;1;06/04/2004;392944.14;19.6400;31;27743.93;6876.08;740.85;
AGIL01928;73307;1;06/05/2004;378062.56;19.6400;30;22666.33;6380.36;880.83;
AGIL01928;74388;1;06/06/2004;367771.47;19.6400;31;22497.90;6387.14;958.07;
AGIL01928;75476;1;06/07/2004;357311.95;19.6400;30;22326.72;5978.58;896.79;
AGIL01928;76579;1;06/08/2004;346681.25;19.6400;31;22152.73;5965.16;761.97;
AGIL01928;77703;1;06/09/2004;335876.56;19.6400;31;21975.89;5748.98;649.43;
AGIL01928;78819;1;06/10/2004;324895.03;19.6400;30;21796.16;5350.89;385.54;
AGIL01928;79920;1;06/11/2004;313733.77;19.6400;31;21613.49;5305.94;455.29;
AGIL01928;81018;1;06/12/2004;302389.84;19.6400;30;21427.82;5207.57;419.45;
AGIL01928;82136;1;06/01/2005;290860.24;19.6400;31;21239.12;5163.81;512.57;
AGIL01928;83272;1;06/02/2005;279141.94;19.6400;31;21047.33;4942.91;741.44;
AGIL01928;84415;1;06/03/2005;267231.85;19.6400;28;20852.40;4261.76;591.85;
AGIL01928;85569;1;06/04/2005;255126.83;19.6400;31;20654.29;4490.19;455.57;
AGIL01928;86722;1;06/05/2005;242823.70;19.6400;30;20452.92;4120.89;515.68;
AGIL01928;87895;1;06/06/2005;230319.20;19.6400;31;20248.27;4022.53;555.17;
AGIL01928;89063;1;06/07/2005;217610.05;19.6400;30;20040.26;3660.92;549.13;
AGIL01928;90241;1;06/08/2005;204692.89;19.6400;31;19828.85;3539.44;435.27;
AGIL01928;91424;1;06/09/2005;191564.32;19.6400;31;19613.98;3291.95;435.56;
AGIL01928;92609;1;06/10/2005;178220.88;19.6400;30;19395.59;2942.33;363.01;
AGIL01928;93805;1;06/11/2005;164659.05;19.6400;31;19173.63;2784.75;341.82;
AGIL01928;95002;1;06/12/2005;150875.26;19.6400;30;18948.04;2469.33;243.56;
AGIL01928;96193;1;06/01/2006;136865.88;19.6400;31;18718.75;2647.24;262.72;
AGIL01928;97398;1;06/02/2006;122627.21;19.6400;31;18485.71;2371.84;239.13;
AGIL01928;98605;1;06/03/2006;108155.50;19.6400;28;18248.86;1889.48;168.19;
AGIL01928;99820;1;06/04/2006;93446.94;19.6400;31;18008.12;1807.44;208.94;
AGIL01928;101031;1;06/05/2006;78497.64;19.6400;30;17763.45;1469.31;216.23;
AGIL01928;102243;1;06/06/2006;63303.67;19.6400;31;17514.78;1224.41;159.75;
AGIL01928;103448;1;06/07/2006;47861.03;19.6400;30;17262.04;895.86;134.38;
AGIL01938;94341;1;20/11/2005;36333.15;19.5300;31;37515.79;658.70;84.41;
AGIL01941;102942;1;20/06/2006;431027.97;21.0000;31;24116.37;7794.42;1075.20;
AGIL01976;101562;1;20/05/2006;74266.82;19.6400;30;14311.94;1339.53;182.84;
AGIL01976;102774;1;20/06/2006;62385.88;19.6400;31;14117.49;1162.74;159.42;
AGIL02050;103465;1;06/07/2006;192567.49;13.0100;30;51541.47;2087.75;313.16;
AGIL02050;103466;1;06/07/2006;77118.97;15.3350;30;10958.25;985.52;147.83;
AGIL02056;102273;1;06/06/2006;30292.28;18.0000;31;8313.60;469.53;60.42;
AGIL02056;103478;1;06/07/2006;22887.44;18.0000;30;8202.53;343.31;51.50;
AGIL02082;102789;1;20/06/2006;1336753.68;19.3100;31;64823.55;22937.32;3139.87;
AGIL02086;102381;1;06/06/2006;972231.86;19.0000;31;64402.54;15906.79;2064.91;
AGIL02086;103584;1;06/07/2006;938616.66;19.0000;30;63870.30;15328.89;2299.33;
AGIL02089;73394;1;06/05/2004;376608.22;19.1600;30;19571.44;6042.92;832.43;
AGIL02089;74474;1;06/06/2004;369063.14;19.1600;31;19450.97;6089.13;913.37;
AGIL02089;75562;1;06/07/2004;361397.59;19.1600;30;19328.57;6071.53;910.73;
AGIL02089;76666;1;06/08/2004;353609.64;19.1600;31;19204.23;6116.48;777.89;
AGIL02089;77789;1;06/09/2004;345697.35;19.1600;31;19077.89;5956.51;667.35;
AGIL02089;78904;1;06/10/2004;337658.72;19.1600;30;18949.54;5607.09;393.06;
AGIL02089;80003;1;06/11/2004;329491.74;19.1600;31;18819.14;5628.89;473.95;
AGIL02089;81098;1;06/12/2004;321194.36;19.1600;30;18686.66;5284.97;416.48;
AGIL02089;82214;1;06/01/2005;312764.50;19.1600;31;18552.07;5290.72;518.44;
AGIL02089;83349;1;06/02/2005;304200.05;19.1600;31;18415.32;5117.57;767.63;
AGIL02089;84492;1;06/03/2005;295498.85;19.1600;28;18276.39;4463.44;618.61;
AGIL02089;85643;1;06/04/2005;286658.72;19.1600;31;18135.24;4762.94;477.45;
AGIL02089;86794;1;06/05/2005;277677.44;19.1600;30;17991.84;4433.58;552.05;
AGIL02089;87966;1;06/06/2005;268552.76;19.1600;31;17846.15;4430.82;610.19;
AGIL02089;89133;1;06/07/2005;259282.39;19.1600;30;17698.14;4370.37;655.55;
AGIL02089;90313;1;06/08/2005;249864.01;19.1600;31;17547.76;4338.50;530.59;
AGIL02089;91496;1;06/09/2005;240295.25;19.1600;31;17394.97;4158.11;548.33;
AGIL02089;92680;1;06/10/2005;230573.70;19.1600;30;17239.75;3846.63;472.01;
AGIL02089;93875;1;06/11/2005;220696.93;19.1600;31;17082.05;3788.66;462.46;
AGIL02089;95064;1;06/12/2005;210662.46;19.1600;30;16921.84;3483.39;339.09;
AGIL02089;96248;1;06/01/2006;200467.78;19.1600;31;16759.06;3407.32;333.83;
AGIL02089;97450;1;06/02/2006;190110.32;19.1600;31;16593.69;3212.06;319.88;
AGIL02089;98653;1;06/03/2006;179587.49;19.1600;28;16425.67;2722.04;238.13;
AGIL02089;99861;1;06/04/2006;168896.64;19.1600;31;16254.98;2812.16;322.65;
AGIL02089;101067;1;06/05/2006;158035.10;19.1600;30;16081.55;2523.29;371.16;
AGIL02089;102279;1;06/06/2006;147000.13;19.1600;31;15905.36;2425.34;315.25;
AGIL02089;103484;1;06/07/2006;135788.97;19.1600;30;15726.36;2357.20;353.58;
AGIL02089;73395;1;06/05/2004;208031.95;18.5600;30;13659.74;3331.28;457.57;
AGIL02089;74475;1;06/06/2004;200807.33;18.5600;31;13548.00;3304.08;495.61;
AGIL02089;75563;1;06/07/2004;193470.97;18.5600;30;13434.53;3061.63;459.24;
AGIL02089;76667;1;06/08/2004;186021.14;18.5600;31;13319.31;3021.12;382.00;
AGIL02089;77790;1;06/09/2004;178456.09;18.5600;31;13202.30;2876.35;318.72;
AGIL02089;78905;1;06/10/2004;170774.03;18.5600;30;13083.48;2641.30;178.33;
AGIL02089;80004;1;06/11/2004;162973.15;18.5600;31;12962.83;2796.53;229.52;
AGIL02089;81099;1;06/12/2004;155051.62;18.5600;30;12840.31;2568.19;196.48;
AGIL02089;82215;1;06/01/2005;147007.57;18.5600;31;12715.90;2508.85;241.63;
AGIL02089;83350;1;06/02/2005;138839.11;18.5600;31;12589.56;2361.67;354.25;
AGIL02089;84493;1;06/03/2005;130544.31;18.5600;28;12461.27;1998.12;276.20;
AGIL02089;85644;1;06/04/2005;122121.22;18.5600;31;12330.99;2060.42;203.23;
AGIL02089;86795;1;06/05/2005;113567.85;18.5600;30;12198.70;1844.81;228.19;
AGIL02089;87967;1;06/06/2005;104882.19;18.5600;31;12064.36;1749.79;240.28;
AGIL02089;89134;1;06/07/2005;96062.19;18.5600;30;11927.94;1539.55;230.93;
AGIL02089;90314;1;06/08/2005;87105.77;18.5600;31;11789.42;1429.48;173.54;
AGIL02089;91497;1;06/09/2005;78010.83;18.5600;31;11648.75;1265.60;166.15;
AGIL02089;92681;1;06/10/2005;68775.22;18.5600;30;11505.90;1063.72;129.59;
AGIL02089;93876;1;06/11/2005;59396.76;18.5600;31;11360.85;949.29;115.02;
AGIL02089;95065;1;06/12/2005;49873.25;18.5600;30;11213.55;771.37;73.78;
AGIL02089;96249;1;06/01/2006;40202.44;18.5600;31;11063.98;642.52;61.87;
AGIL02089;97451;1;06/02/2006;30382.06;18.5600;31;10912.09;485.57;47.57;
AGIL02089;98654;1;06/03/2006;20409.79;18.5600;28;10757.85;294.63;25.18;
AGIL02089;99862;1;06/04/2006;10283.28;18.5600;31;10601.38;164.35;18.67;
AGIL02103;103480;1;06/07/2006;6050.18;15.3350;30;3139.50;95.51;14.33;
AGIL02103;102784;1;20/06/2006;21037.25;17.3150;31;2082.36;339.40;45.94;
AGIL02109;103487;1;06/07/2006;282383.08;19.5000;30;25953.54;4659.25;698.89;
AGIL02111;102787;1;20/06/2006;67007.02;18.5500;31;8319.31;1243.37;169.53;
AGIL02112;100369;1;20/04/2006;3963.58;17.6350;31;4094.04;66.25;8.83;
AGIL02114;103482;1;06/07/2006;124800.05;21.0000;30;28469.56;2299.61;344.94;
AGIL02116;100375;1;20/04/2006;13806.71;23.0000;31;7367.02;305.65;41.92;
AGIL02116;101583;1;20/05/2006;6968.95;23.0000;30;7236.09;149.30;20.68;
AGIL02121;99857;1;06/04/2006;3184.58;17.5000;31;3277.46;47.99;5.35;
AGIL02124;101576;1;20/05/2006;359567.97;18.5000;30;21925.01;5543.34;752.03;
AGIL02124;102788;1;20/06/2006;348729.64;18.5000;31;21757.92;5555.46;757.29;
AGIL02128;103486;1;06/07/2006;737215.31;18.5000;30;56422.16;11408.17;1711.23;
AGIL02130;101581;1;20/05/2006;21045.78;19.0000;30;4037.76;348.06;47.35;
AGIL02130;102792;1;20/06/2006;17674.46;19.0000;31;3984.39;302.05;41.28;
AGIL02160;97968;1;20/02/2006;13371.30;21.6000;31;931.72;248.71;24.40;
AGIL02160;99177;1;20/03/2006;12920.94;21.6000;28;923.62;301.27;31.73;
AGIL02160;100383;1;20/04/2006;12462.48;21.6000;31;915.36;317.28;43.25;
AGIL02160;101591;1;20/05/2006;11995.76;21.6000;30;906.96;223.74;30.82;
AGIL02160;102797;1;20/06/2006;11520.64;21.6000;31;898.41;221.52;30.63;
AGIL02169;102284;1;06/06/2006;3028.56;16.2900;31;3101.40;50.58;6.39;
AGIL02175;101080;1;06/05/2006;48981.75;17.0000;30;17485.89;754.78;110.74;
AGIL02175;102286;1;06/06/2006;32883.68;17.0000;31;17257.83;513.05;65.39;
AGIL02175;103490;1;06/07/2006;16557.55;17.0000;30;17026.69;234.57;35.18;
AGIL02182;102803;1;20/06/2006;178723.33;16.9200;31;29512.06;2604.00;351.64;
AGIL02191;102812;1;20/06/2006;184414.87;13.7400;31;64996.25;2181.94;287.09;
AGIL02191;103104;1;30/06/2006;1419106.72;15.0000;30;73239.26;17738.83;2660.83;
AGIL02197;102825;1;20/06/2006;57918.12;23.0000;31;10030.50;1212.69;168.56;
AGIL02201;99887;1;06/04/2006;20453.72;17.7525;31;5562.67;364.58;40.81;
AGIL02201;101091;1;06/05/2006;15442.61;17.6000;30;5495.11;259.91;38.17;
AGIL02201;102298;1;06/06/2006;10363.94;17.2900;31;5426.63;171.38;21.90;
AGIL02201;103502;1;06/07/2006;5216.79;17.3350;30;5357.47;75.36;11.30;
AGIL02210;103525;1;06/07/2006;226326.56;21.0000;30;18727.36;3960.71;594.11;
AGIL02216;103612;1;06/07/2006;891335.32;19.5000;30;86181.18;14484.20;2172.63;
AGIL02223;103524;1;06/07/2006;554989.40;18.0000;30;33474.33;8324.84;1248.73;
AGIL02225;103530;1;06/07/2006;255418.97;16.9000;30;17731.89;3747.73;562.16;
AGIL02239;103520;1;06/07/2006;24030.46;19.0000;30;12681.81;380.48;57.07;
AGIL02243;101716;1;20/05/2006;42858.48;21.6000;30;3240.40;831.60;114.52;
AGIL02243;102919;1;20/06/2006;41160.98;21.6000;31;3209.85;822.01;113.67;
AGIL02255;103529;1;06/07/2006;7683.31;18.0000;30;2753.62;126.46;18.97;
AGIL02262;103543;1;06/07/2006;189138.21;15.3350;30;14987.97;2464.73;369.71;
AGIL02287;102348;1;06/06/2006;98449.22;17.0000;31;16267.06;1590.94;202.74;
AGIL02287;103551;1;06/07/2006;84971.56;17.0000;30;16076.12;1328.84;199.32;
AGIL02305;103552;1;06/07/2006;207878.95;15.3350;30;38569.22;3012.22;451.84;
AGIL02310;103550;1;06/07/2006;106236.57;16.5000;30;20028.65;1601.05;240.16;
AGIL02318;103563;1;06/07/2006;276679.79;15.3300;30;40100.78;3944.79;591.72;
AGIL02322;102907;1;20/06/2006;348094.91;21.5000;31;27099.45;6709.08;927.36;
AGIL02334;101628;1;20/05/2006;174556.77;14.1800;30;22621.75;2244.86;294.74;
AGIL02334;102834;1;20/06/2006;156060.38;14.1800;31;22403.18;2073.89;274.06;
AGIL02347;103569;1;06/07/2006;273335.01;22.0000;30;38233.07;5499.72;824.96;
AGIL02379;102837;1;20/06/2006;3471.33;18.5500;31;469.78;114.37;15.59;
AGIL02380;102405;1;06/06/2006;44492.59;19.5000;31;4301.89;747.10;97.37;
AGIL02380;103606;1;06/07/2006;41636.70;19.5000;30;4255.49;676.60;101.49;
AGIL02389;102844;1;20/06/2006;261988.29;18.3200;31;28058.69;4133.01;562.84;
AGIL02395;102856;1;20/06/2006;732308.33;19.6300;31;47904.14;12431.52;1704.40;
AGIL02398;101168;1;06/05/2006;27891.73;17.6000;30;2918.93;409.08;60.07;
AGIL02398;102374;1;06/06/2006;25737.50;17.2900;31;2889.40;383.20;48.98;
AGIL02398;103577;1;06/07/2006;23553.74;17.3350;30;2859.46;340.25;51.04;
AGIL02403;102378;1;06/06/2006;423307.12;13.9200;31;25985.16;5323.81;651.88;
AGIL02403;103581;1;06/07/2006;407142.68;13.9200;30;25797.66;4943.85;741.58;
AGIL02410;102370;1;06/06/2006;8246.81;15.2900;31;4305.23;108.58;13.56;
AGIL02410;103573;1;06/07/2006;4149.12;15.3350;30;4253.54;53.02;7.95;
AGIL02413;102933;1;20/06/2006;661390.34;19.0000;31;67164.00;10821.08;1478.98;
AGIL02418;103592;1;06/07/2006;721515.14;19.5000;30;98546.60;12138.21;1820.73;
AGIL02422;102382;1;06/06/2006;40043.78;15.2900;31;4073.56;527.23;65.86;
AGIL02422;103585;1;06/07/2006;36918.60;15.3350;30;4036.55;502.60;75.39;
AGIL02424;96364;1;06/01/2006;278894.31;15.4400;31;22986.59;3767.34;321.88;
AGIL02424;97565;1;06/02/2006;263084.60;15.4400;31;22783.17;3542.61;309.78;
AGIL02424;98761;1;06/03/2006;247071.47;15.4400;28;22577.14;2994.17;216.83;
AGIL02424;99970;1;06/04/2006;230852.31;15.4400;31;22368.45;3084.42;327.69;
AGIL02424;101174;1;06/05/2006;214424.46;15.4400;30;22157.08;2758.93;403.89;
AGIL02424;102380;1;06/06/2006;197785.24;15.4400;31;21942.99;2629.66;329.13;
AGIL02424;103583;1;06/07/2006;180931.93;15.4400;30;21726.14;2465.30;369.80;
AGIL02427;102854;1;20/06/2006;1177643.76;18.5000;31;93576.81;19172.76;2613.54;
AGIL02428;102391;1;06/06/2006;87832.62;20.0000;31;90760.38;1512.67;197.89;
AGIL02428;102853;1;20/06/2006;1636927.76;18.5000;31;99813.28;26311.47;3586.66;
AGIL02438;99979;1;06/04/2006;19744.59;17.7525;31;1801.76;301.83;33.79;
AGIL02438;101182;1;06/05/2006;18568.07;17.6000;30;1783.13;272.33;39.99;
AGIL02438;102386;1;06/06/2006;17372.92;17.2900;31;1764.21;258.66;33.06;
AGIL02438;103589;1;06/07/2006;16158.85;17.3350;30;1744.99;233.43;35.01;
AGIL02439;103604;1;06/07/2006;1061012.23;20.5000;30;70628.16;18274.00;2741.10;
AGIL02451;103615;1;06/07/2006;32171.48;19.5000;30;3110.60;522.79;78.42;
AGIL02459;101179;1;06/05/2006;337162.18;17.6000;30;25110.85;5151.66;756.46;
AGIL02459;102383;1;06/06/2006;318489.50;17.2900;31;24652.75;4741.87;606.09;
AGIL02459;103586;1;06/07/2006;302823.47;17.3350;30;24431.72;4374.54;656.18;
AGIL02459;102384;1;06/06/2006;186349.45;17.2900;31;19821.20;2948.78;376.91;
AGIL02459;103587;1;06/07/2006;172044.19;17.3350;30;19609.48;2631.32;394.70;
AGIL02459;101640;1;20/05/2006;198185.55;20.0000;30;20385.47;3476.64;475.39;
AGIL02459;102846;1;20/06/2006;184406.26;20.0000;31;20155.82;3326.56;456.87;
AGIL02467;102855;1;20/06/2006;257641.63;19.5000;31;26332.27;4807.78;658.75;
AGIL02478;102394;1;06/06/2006;13497.01;19.5000;31;2274.84;233.01;30.37;
AGIL02478;103595;1;06/07/2006;11660.83;19.5000;30;2245.00;189.49;28.42;
AGIL02484;101206;1;06/05/2006;134540.24;20.5000;30;11979.84;2353.43;346.62;
AGIL02484;102410;1;06/06/2006;127157.20;20.5000;31;11853.71;2287.68;300.35;
AGIL02484;103611;1;06/07/2006;119648.03;20.5000;30;11725.43;2071.97;310.80;
AGIL02487;103614;1;06/07/2006;1166233.30;19.5000;30;71126.02;19416.77;2912.51;
AGIL02490;102884;1;20/06/2006;1217539.56;18.5000;31;93183.38;19396.08;2643.98;
AGIL02490;103114;1;30/06/2006;1636589.05;15.5000;30;71871.43;21139.28;3170.89;
AGIL02510;102865;1;20/06/2006;885588.79;20.5000;31;78855.23;15633.10;2151.90;
AGIL02514;102412;1;06/06/2006;889542.47;19.5000;31;81756.95;15112.40;1969.61;
AGIL02514;103613;1;06/07/2006;836695.66;19.5000;30;80898.18;13710.44;2056.57;
AGIL02519;101665;1;20/05/2006;145586.30;19.5000;30;12235.92;2365.78;322.69;
AGIL02519;102869;1;20/06/2006;138081.94;19.5000;31;12113.97;2318.63;317.69;
AGIL02520;103632;1;06/07/2006;140848.52;19.5000;30;12356.68;2288.79;343.32;
AGIL02521;100465;1;20/04/2006;206653.34;21.0000;31;13893.20;3736.98;507.95;
AGIL02521;101670;1;20/05/2006;199993.00;21.0000;30;13776.65;3499.88;480.78;
AGIL02521;102874;1;20/06/2006;193216.11;21.0000;31;13658.05;3493.99;481.98;
AGIL02530;102905;1;20/06/2006;190958.85;21.5000;31;10812.80;3829.87;529.38;
AGIL02535;102896;1;20/06/2006;282487.72;18.1000;31;15736.55;4566.57;621.11;
AGIL02539;102446;1;06/06/2006;119970.98;22.0000;31;10219.26;2332.06;309.15;
AGIL02539;103647;1;06/07/2006;114150.66;22.0000;30;10112.55;2140.99;321.15;
AGIL02546;103701;1;06/07/2006;413610.35;23.0000;30;31146.49;8295.87;1244.38;
AGIL02555;101216;1;06/05/2006;9305.28;20.5000;30;2116.48;158.97;23.41;
AGIL02555;102420;1;06/06/2006;7506.74;20.5000;31;2085.75;132.51;17.40;
AGIL02555;103621;1;06/07/2006;5677.47;20.5000;30;2054.50;96.99;14.55;
AGIL02559;101232;1;06/05/2006;441572.32;19.0000;30;34085.14;6991.56;1028.25;
AGIL02559;102436;1;06/06/2006;421470.30;19.0000;31;33766.86;6895.72;895.16;
AGIL02559;103637;1;06/07/2006;401050.00;19.0000;30;33443.54;6349.96;952.49;
AGIL02571;102448;1;06/06/2006;192367.06;18.5000;31;15285.68;3075.51;397.56;
AGIL02571;103649;1;06/07/2006;183012.70;18.5000;30;15141.47;2830.39;424.56;
AGIL02574;102437;1;06/06/2006;189578.91;21.0000;31;15686.70;3657.86;481.87;
AGIL02574;103638;1;06/07/2006;180527.47;21.0000;30;15528.30;3362.97;504.44;
AGIL02585;102877;1;20/06/2006;15032.23;17.3150;31;3368.95;260.55;35.27;
AGIL02589;102913;1;20/06/2006;332060.52;17.2300;31;49001.91;4949.57;669.71;
AGIL02589;102914;1;20/06/2006;166331.18;17.2300;31;24545.37;2661.72;360.15;
AGIL02592;102891;1;20/06/2006;63128.85;20.5000;31;5182.07;1171.61;161.28;
AGIL02599;103644;1;06/07/2006;221657.77;18.0000;30;12807.12;3324.87;498.73;
AGIL02601;102910;1;20/06/2006;1158091.78;16.5400;31;89829.33;16494.44;2221.70;
AGIL02602;102885;1;20/06/2006;155048.37;18.5000;31;12320.31;2470.01;336.70;
AGIL02608;102889;1;20/06/2006;287271.52;18.5000;31;16155.61;4576.39;623.83;
AGIL02613;102445;1;06/06/2006;103029.32;18.0000;31;8119.31;1596.95;205.51;
AGIL02613;103646;1;06/07/2006;98000.89;18.0000;30;8043.88;1470.01;220.50;
AGIL02616;103650;1;06/07/2006;15396.43;21.0000;30;1324.34;295.21;44.29;
AGIL02620;103510;1;06/07/2006;5248.73;14.5900;30;2736.14;124.68;18.70;
AGIL02623;100486;1;20/04/2006;6135.15;18.5000;31;453.39;160.61;21.53;
AGIL02623;101691;1;20/05/2006;5870.92;18.5000;30;449.32;145.00;19.67;
AGIL02623;102895;1;20/06/2006;5602.62;18.5000;31;445.18;138.89;18.94;
AGIL02625;102904;1;20/06/2006;295705.86;15.3150;31;22031.05;4054.23;541.12;
AGIL02625;101258;1;06/05/2006;322474.40;15.6000;30;22403.97;4366.21;639.36;
AGIL02625;102461;1;06/06/2006;309174.95;15.2900;31;22216.23;4228.48;528.20;
AGIL02625;103664;1;06/07/2006;295687.76;15.3350;30;22025.84;3913.55;587.04;
AGIL02625;102462;1;06/06/2006;316527.51;17.2900;31;22392.09;5028.19;642.69;
AGIL02625;103665;1;06/07/2006;304448.94;17.3350;30;22195.31;4672.31;700.84;
AGIL02626;102473;1;06/06/2006;614353.71;15.2900;31;42996.41;8599.27;1074.18;
AGIL02626;103677;1;06/07/2006;589101.88;15.3350;30;42631.73;7971.73;1195.75;
AGIL02626;102474;1;06/06/2006;323121.80;17.2900;31;22858.59;5096.58;651.42;
AGIL02626;103678;1;06/07/2006;310791.59;17.3350;30;22657.71;4741.13;711.17;
AGIL02631;103115;1;30/06/2006;1239550.13;15.5000;30;102261.22;16306.91;2446.04;
AGIL02632;102930;1;20/06/2006;370219.01;22.0000;31;28186.88;7291.24;1009.78;
AGIL02635;95685;1;20/12/2005;904023.94;19.5000;30;58981.56;14891.63;1902.31;
AGIL02635;96883;1;20/01/2006;874423.16;19.5000;31;58500.55;14787.83;1263.21;
AGIL02635;98083;1;20/02/2006;844341.37;19.5000;31;58011.72;14177.90;1311.51;
AGIL02635;99288;1;20/03/2006;813770.75;19.5000;28;57514.94;13185.26;1325.15;
AGIL02635;100497;1;20/04/2006;782703.35;19.5000;31;57010.10;13998.11;1887.55;
AGIL02635;101702;1;20/05/2006;751131.11;19.5000;30;56497.05;12956.62;1767.26;
AGIL02635;102906;1;20/06/2006;719045.82;19.5000;31;55975.66;12769.00;1749.57;
AGIL02638;102900;1;20/06/2006;1842822.43;19.3100;31;103788.33;30642.55;4194.64;
AGIL02641;102921;1;20/06/2006;143795.40;19.5000;31;16717.76;2414.56;330.84;
AGIL02644;102928;1;20/06/2006;222942.24;22.0000;31;16973.86;4389.51;607.91;
AGIL02646;101697;1;20/05/2006;144106.53;21.0000;30;8062.87;2620.06;359.92;
AGIL02646;102901;1;20/06/2006;141087.38;21.0000;31;8010.04;2642.30;364.49;
AGIL02650;101726;1;20/05/2006;396249.06;20.6000;30;21957.43;7081.95;971.11;
AGIL02650;102929;1;20/06/2006;387896.19;20.6000;31;21814.03;7145.75;984.04;
AGIL02654;103662;1;06/07/2006;1220228.48;18.5000;30;93389.17;19347.61;2902.14;
AGIL02654;103117;1;30/06/2006;1590121.32;15.0000;30;67080.18;20322.79;3048.42;
AGIL02656;102469;1;06/06/2006;1569133.97;19.6000;31;84845.97;27146.33;3540.73;
AGIL02656;103673;1;06/07/2006;1535546.38;19.6000;30;84297.37;25668.34;3850.25;
AGIL02670;103670;1;06/07/2006;1091175.15;19.5000;30;62817.14;18226.12;2733.92;
AGIL02670;102909;1;20/06/2006;1401796.31;18.5000;31;68826.17;22536.61;3072.08;
AGIL02672;102475;1;06/06/2006;207400.29;19.6000;31;15133.81;3683.52;480.45;
AGIL02672;103679;1;06/07/2006;199041.56;19.6000;30;14997.28;3409.73;511.46;
AGIL02689;102470;1;06/06/2006;167881.72;17.2900;31;22814.89;2499.53;319.48;
AGIL02689;103674;1;06/07/2006;150377.49;17.3350;30;22538.03;2172.33;325.85;
AGIL02690;102477;1;06/06/2006;1655885.46;20.6000;31;94570.48;30184.00;3965.61;
AGIL02690;103681;1;06/07/2006;1618167.04;20.6000;30;93922.98;28497.43;4274.62;
AGIL02690;102920;1;20/06/2006;248468.36;19.5000;31;15479.50;4234.50;580.20;
AGIL02692;102476;1;06/06/2006;475838.46;19.6000;31;34721.49;8562.97;1116.88;
AGIL02692;103680;1;06/07/2006;456661.03;19.6000;30;34408.26;7919.96;1187.99;
AGIL02693;102937;1;20/06/2006;558055.60;20.6000;31;40251.45;9899.29;1363.23;
AGIL02699;102479;1;06/06/2006;65259.25;19.6000;31;4761.91;1239.20;161.63;
AGIL02699;103683;1;06/07/2006;62629.14;19.6000;30;4718.95;1142.39;171.36;
AGIL02700;103684;1;06/07/2006;248492.20;22.6000;30;18580.67;5000.90;750.13;
AGIL02700;103685;1;06/07/2006;37854.28;22.6000;30;2830.51;712.92;106.94;
AGIL02705;102484;1;06/06/2006;443630.87;20.3200;31;24781.82;8105.35;1062.81;
AGIL02705;103688;1;06/07/2006;433873.35;20.3200;30;24616.59;7647.93;1147.19;
AGIL02714;100096;1;06/04/2006;60067.19;21.0000;31;31875.44;1161.90;136.90;
AGIL02714;101298;1;06/05/2006;30294.11;21.0000;30;31354.41;567.09;83.56;
AGIL02715;92902;1;06/10/2005;441652.31;20.6000;30;26541.52;7915.57;986.40;
AGIL02715;94096;1;06/11/2005;430274.19;20.6000;31;26346.19;7930.78;983.55;
AGIL02715;95286;1;06/12/2005;418700.74;20.6000;30;26147.52;7430.20;930.45;
AGIL02715;96468;1;06/01/2006;406928.62;20.6000;31;25945.43;7420.62;754.01;
AGIL02715;97670;1;06/02/2006;394954.41;20.6000;31;25739.87;7158.95;738.19;
AGIL02715;98866;1;06/03/2006;382774.64;20.6000;28;25530.78;6225.75;571.85;
AGIL02715;100075;1;06/04/2006;370385.78;20.6000;31;25318.11;6622.07;776.11;
AGIL02715;101279;1;06/05/2006;357784.25;20.6000;30;25101.78;6141.96;904.70;
AGIL02715;102483;1;06/06/2006;344966.39;20.6000;31;24881.74;6584.39;865.06;
AGIL02715;103687;1;06/07/2006;331928.49;20.6000;30;24657.93;6110.65;916.60;
AGIL02728;102934;1;20/06/2006;307644.69;22.0000;31;22759.23;6116.34;847.07;
AGIL02728;100731;1;28/04/2006;388340.54;16.0000;28;21888.03;4832.68;703.29;
AGIL02728;101914;1;31/05/2006;376808.25;16.0000;33;21734.27;5526.52;697.75;
AGIL02728;103120;1;30/06/2006;365122.20;16.0000;30;21578.46;4868.30;730.24;
AGIL02743;102938;1;20/06/2006;440661.46;20.6000;31;31784.04;7816.84;1076.46;
AGIL02746;103696;1;06/07/2006;47550.53;17.3350;30;3382.67;686.91;103.04;
AGIL02751;102944;1;20/06/2006;1732248.21;21.0000;31;96920.69;32291.94;4454.49;
AGIL02753;102945;1;20/06/2006;206130.24;20.3400;31;14391.07;3854.62;530.22;
AGIL02757;102936;1;20/06/2006;68814.25;22.0000;31;5090.80;1303.65;180.55;
AGIL02762;102949;1;20/06/2006;74563.56;23.0000;31;5468.41;1637.00;227.53;
AGIL02762;102950;1;20/06/2006;82175.32;23.0000;31;6026.65;1714.99;238.37;
AGIL02762;102501;1;06/06/2006;115305.34;23.0000;31;8248.94;2283.69;304.47;
AGIL02762;103706;1;06/07/2006;111476.44;23.0000;30;8175.55;2207.79;331.16;
AGIL02762;102502;1;06/06/2006;84997.82;23.0000;31;6080.74;1683.43;224.44;
AGIL02762;103707;1;06/07/2006;82175.32;23.0000;30;6026.65;1659.67;248.95;
AGIL02762;101748;1;20/05/2006;117632.90;22.0000;30;7885.17;2156.60;297.49;
AGIL02762;102951;1;20/06/2006;114060.93;22.0000;31;7819.69;2160.82;299.26;
AGIL02767;102549;1;06/06/2006;389737.13;19.5000;31;34191.76;6674.18;869.85;
AGIL02767;103755;1;06/07/2006;368211.83;19.5000;30;33841.97;6078.44;911.77;
AGIL02767;101783;1;20/05/2006;164367.30;19.5000;30;13814.38;2733.30;372.82;
AGIL02767;102986;1;20/06/2006;155894.86;19.5000;31;13676.70;2669.67;365.79;
AGIL02769;102506;1;06/06/2006;518197.04;21.0000;31;35696.34;9370.73;1234.46;
AGIL02769;103711;1;06/07/2006;500637.60;21.0000;30;35389.05;9237.05;1385.55;
AGIL02769;102507;1;06/06/2006;160598.84;21.0000;31;11062.96;2904.16;382.58;
AGIL02769;103712;1;06/07/2006;155156.84;21.0000;30;10967.72;2857.65;428.65;
AGIL02778;101301;1;06/05/2006;34285.65;21.0000;30;3571.64;600.00;88.41;
AGIL02778;102505;1;06/06/2006;31914.01;21.0000;31;3530.14;577.11;76.03;
AGIL02778;103710;1;06/07/2006;29500.87;21.0000;30;3487.91;600.23;90.03;
AGIL02779;103704;1;06/07/2006;48584.26;21.0000;30;3529.95;946.55;141.98;
AGIL02786;103713;1;06/07/2006;621363.68;23.0000;30;45570.10;12747.64;1912.15;
AGIL02786;103714;1;06/07/2006;128027.23;22.0000;30;8988.99;2347.17;352.07;
AGIL02800;101355;1;06/05/2006;1231609.93;19.5000;30;60702.75;20200.28;2972.38;
AGIL02800;102558;1;06/06/2006;1210934.50;19.5000;31;60366.78;20495.59;2671.21;
AGIL02800;103764;1;06/07/2006;1189923.10;19.5000;30;60025.34;19462.66;2919.40;
AGIL02815;102965;1;20/06/2006;76478.88;22.0000;31;5369.70;1460.78;202.30;
AGIL02822;102970;1;20/06/2006;1433290.27;20.0000;31;92269.82;24859.93;3414.30;
AGIL02822;103737;1;06/07/2006;728685.09;19.5000;30;45396.83;12034.50;1805.18;
AGIL02824;103730;1;06/07/2006;324552.66;20.0000;30;21389.55;5444.46;816.67;
AGIL02826;102964;1;20/06/2006;147219.55;20.0000;31;9946.52;2535.45;348.22;
AGIL02836;103777;1;06/07/2006;284085.86;18.0000;30;15787.87;4401.96;660.29;
AGIL02844;100572;1;20/04/2006;572472.40;20.0000;31;28925.35;10010.16;1353.60;
AGIL02844;101777;1;20/05/2006;562629.47;20.0000;30;28761.30;9494.95;1298.33;
AGIL02844;102980;1;20/06/2006;552622.49;20.0000;31;28594.51;9609.43;1319.77;
AGIL02856;102971;1;20/06/2006;422879.70;17.6900;31;26580.12;6505.63;882.74;
AGIL02868;102975;1;20/06/2006;328613.26;18.0300;31;117783.13;5101.99;693.66;
AGIL02870;103756;1;06/07/2006;643664.68;19.5000;30;37054.70;10596.29;1589.44;
AGIL02872;102974;1;20/06/2006;572609.83;18.5000;31;35726.24;9228.00;1257.92;
AGIL02877;103753;1;06/07/2006;332993.58;18.0000;30;20084.60;4994.90;749.24;
AGIL02877;103754;1;06/07/2006;136256.89;19.5000;30;8488.75;2214.17;332.13;
AGIL02879;103767;1;06/07/2006;471946.01;19.5000;30;23807.18;7781.66;1167.25;
AGIL02880;102992;1;20/06/2006;377570.57;19.0000;31;21886.28;6177.47;844.31;
AGIL02881;103004;1;20/06/2006;435375.27;19.0000;31;20930.24;7123.22;973.57;
AGIL02903;103758;1;06/07/2006;837425.98;19.5000;30;52171.36;13745.38;2061.81;
AGIL02906;103765;1;06/07/2006;341626.77;17.3100;30;30419.10;4997.65;749.64;
AGIL02913;102583;1;06/06/2006;362799.99;19.0000;31;19625.81;6222.09;807.71;
AGIL02913;103790;1;06/07/2006;354662.84;19.0000;30;19496.97;5850.42;877.56;
AGIL02962;103013;1;20/06/2006;439499.17;19.0000;31;24571.19;7498.38;1024.84;
AGIL02971;103135;1;30/06/2006;263158.04;16.0000;30;18585.95;3508.77;526.32;
AGIL02983;101928;1;31/05/2006;1590345.53;15.5000;33;68151.65;22596.16;2835.57;
AGIL02983;103134;1;30/06/2006;1563277.80;15.5000;30;67802.03;20192.34;3028.85;
AGIL02991;103017;1;20/06/2006;496502.76;19.0000;31;45307.70;8350.79;1141.35;
AGIL03006;103783;1;06/07/2006;510922.82;19.0000;30;28564.29;8089.61;1213.44;
AGIL03008;103015;1;20/06/2006;76303.87;19.0000;31;4265.93;1319.80;180.39;
AGIL03009;103799;1;06/07/2006;2637942.65;16.0000;30;132177.03;35172.57;5275.89;
AGIL03020;102591;1;06/06/2006;1739033.78;15.0000;31;83388.61;22462.52;2795.01;
AGIL03020;103798;1;06/07/2006;1699121.01;15.0000;30;82889.70;21239.01;3185.85;
AGIL03073;103812;1;06/07/2006;514866.58;19.0000;38;27025.01;10788.15;1578.10;
AGIL05000;102613;1;06/06/2006;425691.18;18.5000;31;25956.94;6866.87;887.67;
AGIL05000;103827;1;06/07/2006;412859.72;18.5000;30;25759.12;6420.42;963.06;
AGIL05001;101876;1;25/05/2006;437746.97;18.8000;30;28155.29;6908.95;893.31;
AGIL05001;103079;1;25/06/2006;423307.76;18.8000;31;27929.07;6852.88;964.01;
AGIL05001;103818;1;06/07/2006;453562.59;19.0000;30;33817.03;7459.58;1118.94;
AGIL05002;103036;1;20/06/2006;237418.35;16.9200;31;23463.55;3479.97;469.93;
AGIL05005;103823;1;06/07/2006;279268.91;19.5000;30;14262.14;4670.89;700.64;
AGIL05007;103822;1;06/07/2006;1737059.49;17.6900;30;109182.97;25607.15;3841.07;
AGIL05009;103826;1;06/07/2006;1725649.37;17.9300;30;85630.97;25784.08;3867.61;
AGIL05024;102617;1;06/06/2006;417908.32;19.3800;31;20765.61;6974.19;908.10;
AGIL05024;103831;1;06/07/2006;410641.15;19.3800;30;20648.24;6631.85;994.78;
AGIL05037;103048;1;20/06/2006;739064.59;19.0000;31;41319.08;12493.20;1707.51;
AGIL05040;100599;1;20/04/2006;461089.81;18.0000;31;24733.52;7146.89;954.68;
AGIL05040;101804;1;20/05/2006;450188.99;18.0000;30;24570.00;6752.83;913.42;
AGIL05040;103007;1;20/06/2006;439124.65;18.0000;31;24404.04;6806.43;925.23;
AGIL05042;103044;1;20/06/2006;484573.61;19.3800;31;24078.17;8317.63;1138.99;
AGIL05044;103148;1;30/06/2006;1901923.16;16.5000;30;85033.76;26660.06;3999.01;
AGIL05047;103156;1;30/06/2006;463091.42;16.0000;30;23612.44;6174.55;926.18;
AGIL05053;103835;1;06/07/2006;565565.36;16.5000;30;28243.21;8089.23;1213.39;
AGIL05056;103834;1;06/07/2006;266984.99;19.0000;30;15192.19;4322.25;648.34;
AGIL05064;103839;1;06/07/2006;592548.15;16.5000;30;30082.86;9033.65;1355.05;
