AGIL00168;102637;20/06/2006;80065.83;80065.83;82624.46;;00109/0012;030;102637;;29;2233.55;325.08;
AGIL00168;101975;06/06/2006;4176.80;631.81;658.35;;00109/0013;025;101975;15/06/2006;43;23.08;3.46;
AGIL00168;103185;06/07/2006;4162.33;4162.33;4215.22;;00109/0013;026;103185;;13;46.10;6.79;
AGIL00168;103186;06/07/2006;33746.61;33746.61;34203.47;;00109/0014;019;103186;;13;398.13;58.73;
AGIL00168;102638;20/06/2006;43103.01;43103.01;44535.14;;00109/0015;006;102638;;29;1249.99;182.14;
AGIL00269;103190;06/07/2006;2899.98;282.80;287.96;;00196/0005;016;103190;11/07/2006;13;4.49;0.67;
AGIL00280;103191;06/07/2006;9695.17;9695.17;9818.37;;00217/0011;018;103191;;13;107.38;15.82;
AGIL00307;101985;06/06/2006;15837.99;15837.99;16773.47;;00224/0005;017;101985;;43;813.46;122.02;
AGIL00307;103195;06/07/2006;15761.06;15761.06;16042.04;;00224/0005;018;103195;;13;244.73;36.25;
AGIL00398;103054;25/06/2006;16218.94;890.81;916.67;;00394/0008;026;103054;30/06/2006;24;22.57;3.29;
AGIL00402;102639;20/06/2006;4201.80;4201.80;4360.87;;00252/0007;024;102639;;29;138.78;20.29;
AGIL00422;101428;20/05/2006;3853.16;3853.16;4082.69;;00258/0009;023;101428;;60;199.59;29.94;
AGIL00422;102640;20/06/2006;3857.84;3857.84;3966.83;;00258/0009;024;102640;;29;95.19;13.80;
AGIL00448;103205;06/07/2006;29547.96;29547.96;29923.43;;00269/0012;037;103205;;13;327.25;48.22;
AGIL00448;103208;06/07/2006;48992.27;48992.27;49702.93;;00269/0015;002;103208;;13;619.21;91.45;
AGIL00470;103212;06/07/2006;11598.63;11598.63;11746.02;;00287/0010;024;103212;;13;128.46;18.93;
AGIL00485;102644;20/06/2006;9599.84;470.46;483.86;;00329/0005;033;102644;06/07/2006;29;11.70;1.70;
AGIL00485;101433;20/05/2006;95415.63;4504.57;4840.60;;00329/0009;020;101433;31/05/2006;60;292.20;43.83;
AGIL00485;102645;20/06/2006;96041.32;2376.17;2461.55;;00329/0009;021;102645;10/07/2006;29;74.50;10.88;
AGIL00629;102652;20/06/2006;62686.08;557.16;572.90;;00418/0007;033;102652;19/06/2006;29;13.75;1.99;
AGIL00637;103234;06/07/2006;158970.10;663.79;674.25;;00383/0012;008;103234;06/07/2006;13;9.11;1.35;
AGIL00736;103055;25/06/2006;3160.88;3160.88;3227.65;;00422/0005;036;103055;;24;58.35;8.42;
AGIL00745;102696;20/06/2006;39929.77;39929.77;41130.70;;00840/0003;032;102696;;29;1048.60;152.33;
AGIL00748;102044;06/06/2006;4762.01;4002.05;4192.15;;00457/0016;025;102044;18/07/2006;43;165.30;24.80;
AGIL00748;103250;06/07/2006;5856.61;5856.61;5940.76;;00457/0016;026;103250;;13;73.32;10.83;
AGIL00760;103251;06/07/2006;15507.84;15507.84;15730.66;;00471/0004;020;103251;;13;194.15;28.67;
AGIL00760;102046;06/06/2006;18435.91;13510.38;14234.14;;00471/0005;009;102046;30/06/2006;43;629.36;94.40;
AGIL00760;103252;06/07/2006;18302.44;18302.44;18598.33;;00471/0005;010;103252;;13;257.76;38.13;
AGIL00847;102656;20/06/2006;11146.26;11146.26;11461.15;;00505/0007;020;102656;;29;275.02;39.87;
AGIL00847;102052;06/06/2006;41654.63;41654.63;43840.33;;00505/0008;018;102052;;43;1900.61;285.09;
AGIL00847;103258;06/07/2006;41409.55;41409.55;42065.24;;00505/0008;019;103258;;13;571.22;84.47;
AGIL00847;101447;20/05/2006;34211.00;28946.07;31054.31;;00505/0010;005;101447;12/07/2006;60;1833.25;274.99;
AGIL00847;102658;20/06/2006;34470.04;34470.04;35679.20;;00505/0010;006;102658;;29;1055.17;153.99;
AGIL00865;103842;16/07/2006;3839.52;3839.52;3852.28;;00520/0004;029;103842;;3;11.10;1.66;
AGIL00877;103264;06/07/2006;24941.11;316.62;320.56;;00529/0010;033;103264;13/07/2006;13;3.43;0.51;
AGIL00877;103265;06/07/2006;13708.42;391.04;397.20;;00529/0013;002;103265;17/07/2006;13;5.37;0.79;
AGIL00959;102303;06/06/2006;4936.03;246.87;262.46;;01318/0002;013;102303;27/06/2006;43;13.56;2.03;
AGIL00959;103506;06/07/2006;5589.72;5589.72;5696.33;;01318/0002;014;103506;;13;92.85;13.76;
AGIL00964;102065;06/06/2006;18870.39;18870.39;19984.97;;00566/0009;017;102065;;43;969.20;145.38;
AGIL00964;103272;06/07/2006;18808.77;18808.77;19144.09;;00566/0009;018;103272;;13;292.06;43.26;
AGIL01115;102677;20/06/2006;16998.07;259.02;265.44;;00689/0004;033;102677;21/06/2006;29;5.61;0.81;
AGIL01126;103304;06/07/2006;1435.35;1435.35;1461.54;;00644/0007;016;103304;;13;22.81;3.38;
AGIL01126;103305;06/07/2006;18577.73;18577.73;18860.17;;00644/0008;015;103305;;13;246.07;36.37;
AGIL01135;102147;06/06/2006;17105.38;1492.45;1555.14;;00820/0004;025;102147;05/07/2006;43;54.51;8.18;
AGIL01135;103353;06/07/2006;17050.07;17050.07;17266.73;;00820/0004;026;103353;;13;188.83;27.83;
AGIL01138;103309;06/07/2006;48179.72;48179.72;48957.02;;00663/0004;022;103309;;13;677.14;100.16;
AGIL01142;101124;06/05/2006;23398.83;22717.60;24236.29;;01354/0001;032;101124;30/06/2006;74;1320.60;198.09;
AGIL01142;102330;06/06/2006;23422.16;23422.16;24332.01;;01354/0001;033;102330;;43;791.17;118.68;
AGIL01142;103533;06/07/2006;23348.60;23348.60;23622.12;;01354/0001;034;103533;;13;238.44;35.08;
AGIL01174;102676;20/06/2006;8771.41;23.38;24.16;;00684/0002;005;102676;20/06/2006;29;0.68;0.10;
AGIL01190;102108;06/06/2006;28609.94;28609.94;30299.80;;00692/0004;017;102108;;43;1469.44;220.42;
AGIL01190;103314;06/07/2006;28516.29;28516.29;29024.67;;00692/0004;018;103314;;13;442.79;65.59;
AGIL01215;102685;20/06/2006;30364.02;1087.73;1118.46;;00736/0004;017;102685;20/06/2006;29;26.84;3.89;
AGIL01232;102822;20/06/2006;48891.05;332.48;343.10;;01367/0004;019;102822;22/06/2006;29;9.27;1.35;
AGIL01232;102823;20/06/2006;100484.18;741.88;767.90;;01367/0005;007;102823;22/06/2006;29;22.71;3.31;
AGIL01234;103322;06/07/2006;16670.58;64.42;65.24;;00726/0018;016;103322;10/07/2006;13;0.71;0.11;
AGIL01247;103136;30/06/2006;59068.47;59068.47;60139.68;;01797/0001;005;103136;;19;935.25;135.96;
AGIL01340;103063;25/06/2006;68005.97;34201.56;35044.35;;00801/0002;033;103063;26/06/2006;24;736.02;106.77;
AGIL01407;103356;06/07/2006;20630.87;12858.20;13060.20;;00827/0004;002;103356;12/07/2006;13;175.98;26.02;
AGIL01430;100944;06/05/2006;28839.95;315.92;340.68;;00844/0003;032;100944;28/06/2006;74;21.53;3.23;
AGIL01430;102157;06/06/2006;28859.27;28859.27;30173.78;;00844/0003;033;102157;;43;1143.05;171.46;
AGIL01430;103363;06/07/2006;28833.59;28833.59;29229.81;;00844/0003;034;103363;;13;345.27;50.95;
AGIL01430;101488;20/05/2006;40049.79;40049.79;43580.84;;00844/0005;012;101488;;60;3070.48;460.57;
AGIL01430;102701;20/06/2006;36933.55;36933.55;38502.84;;00844/0005;013;102701;;29;1368.59;200.70;
AGIL01464;102704;20/06/2006;23489.75;23489.75;24444.30;;00852/0005;012;102704;;29;832.58;121.97;
AGIL01468;103369;06/07/2006;63903.65;63903.65;65048.22;;00866/0004;017;103369;;13;996.90;147.67;
AGIL01505;102245;06/06/2006;18216.00;654.43;690.62;;01166/0001;042;102245;19/06/2006;43;31.47;4.72;
AGIL01505;103450;06/07/2006;18139.28;18139.28;18442.02;;01166/0001;043;103450;;13;263.71;39.03;
AGIL01523;102718;20/06/2006;7261.80;87.45;90.68;;00907/0002;024;102718;20/06/2006;29;2.82;0.41;
AGIL01561;102715;20/06/2006;47370.21;56.64;58.62;;00897/0002;008;102715;20/06/2006;29;1.73;0.25;
AGIL01589;103379;06/07/2006;64665.37;64665.37;65487.10;;00924/0004;020;103379;;13;716.19;105.54;
AGIL01598;100963;06/05/2006;5229.57;2152.22;2386.25;;00930/0002;012;100963;30/06/2006;74;203.50;30.53;
AGIL01598;102176;06/06/2006;5242.65;5242.65;5573.91;;00930/0002;013;102176;;43;288.05;43.21;
AGIL01598;103381;06/07/2006;5205.63;5205.63;5304.92;;00930/0002;014;103381;;13;86.47;12.82;
AGIL01608;76944;20/08/2004;13104.54;13104.54;22292.57;;00939/0002;027;76944;;698;8115.39;1072.64;
AGIL01608;78070;20/09/2004;13048.62;13048.62;21798.13;;00939/0002;028;78070;;667;7721.88;1027.63;
AGIL01608;79190;20/10/2004;12987.88;12987.88;21315.80;;00939/0002;029;79190;;637;7340.24;987.68;
AGIL01608;80288;20/11/2004;13052.28;13052.28;21022.87;;00939/0002;030;80288;;606;7017.65;952.94;
AGIL01608;81400;20/12/2004;13007.74;13007.74;20570.50;;00939/0002;031;81400;;576;6647.48;915.28;
AGIL01608;82527;20/01/2005;13106.30;13106.30;20315.23;;00939/0002;032;82527;;545;6337.37;871.56;
AGIL01608;83668;20/02/2005;13113.53;13113.53;19911.98;;00939/0002;033;83668;;514;5980.19;818.26;
AGIL01608;84818;20/03/2005;13039.73;13039.73;19434.88;;00939/0002;034;84818;;486;5622.60;772.55;
AGIL01608;85979;20/04/2005;13089.00;13089.00;19103.07;;00939/0002;035;85979;;455;5283.85;730.22;
AGIL01608;87142;20/05/2005;13085.70;13085.70;18705.39;;00939/0002;036;87142;;425;4934.22;685.47;
AGIL01627;103066;25/06/2006;3770.45;3770.45;3874.11;;00949/0003;007;103066;;24;90.49;13.17;
AGIL01648;100969;06/05/2006;11396.23;11396.23;12236.74;;00960/0005;015;100969;;74;730.88;109.63;
AGIL01648;102181;06/06/2006;11375.05;11375.05;11852.86;;00960/0005;016;102181;;43;415.49;62.32;
AGIL01648;103386;06/07/2006;11351.24;11351.24;11495.49;;00960/0005;017;103386;;13;125.72;18.53;
AGIL01648;100970;06/05/2006;7325.19;7325.19;7865.45;;00960/0006;015;100970;;74;469.79;70.47;
AGIL01648;102182;06/06/2006;7311.52;7311.52;7618.64;;00960/0006;016;102182;;43;267.06;40.06;
AGIL01648;103387;06/07/2006;7296.19;7296.19;7388.91;;00960/0006;017;103387;;13;80.81;11.91;
AGIL01648;100309;20/04/2006;39802.88;15476.59;17045.94;;00960/0007;007;100309;12/07/2006;90;1364.65;204.70;
AGIL01648;101520;20/05/2006;39437.76;39437.76;42089.42;;00960/0007;008;101520;;60;2305.79;345.87;
AGIL01648;102731;20/06/2006;39611.10;39611.10;40876.94;;00960/0007;009;102731;;29;1105.01;160.83;
AGIL01655;102732;20/06/2006;10557.47;59.20;61.61;;00966/0005;016;102732;24/06/2006;29;2.10;0.31;
AGIL01660;103659;06/07/2006;39822.41;48.04;48.80;;01575/0001;019;103659;07/07/2006;13;0.66;0.10;
AGIL01676;102739;20/06/2006;23338.63;146.93;152.22;;01009/0003;022;102739;22/06/2006;29;4.62;0.67;
AGIL01682;102202;06/06/2006;43090.57;3786.70;3979.15;;00985/0003;018;102202;11/07/2006;43;167.35;25.10;
AGIL01682;103407;06/07/2006;42851.17;42851.17;43508.34;;00985/0003;019;103407;;13;572.54;84.63;
AGIL01693;85485;06/04/2005;33724.66;33724.66;50401.23;;01003/0002;036;85485;;469;14648.17;2028.40;
AGIL01697;102738;20/06/2006;21880.78;435.35;453.04;;00999/0002;016;102738;19/06/2006;29;15.43;2.26;
AGIL01700;102743;20/06/2006;24883.54;107.47;111.64;;01018/0002;013;102743;19/06/2006;29;3.64;0.53;
AGIL01712;102748;20/06/2006;19075.64;377.31;390.55;;01049/0003;029;102748;19/06/2006;29;11.55;1.69;
AGIL01734;102213;06/06/2006;105046.59;105046.59;109747.66;;01035/0004;044;102213;;43;4087.89;613.18;
AGIL01734;103418;06/07/2006;104924.03;104924.03;106344.48;;01035/0004;045;103418;;13;1237.84;182.61;
AGIL01749;102212;06/06/2006;67635.99;67635.99;70848.66;;01033/0003;024;102212;;43;2793.63;419.04;
AGIL01749;103417;06/07/2006;67355.95;67355.95;68323.75;;01033/0003;025;103417;;13;843.28;124.52;
AGIL01753;102572;06/06/2006;195604.08;195604.08;205276.71;;01780/0001;005;102572;;43;8410.98;1261.65;
AGIL01753;103778;06/07/2006;191344.51;191344.51;194199.52;;01780/0001;006;103778;;13;2487.48;367.53;
AGIL01754;102758;20/06/2006;6994.46;204.16;212.08;;01114/0002;020;102758;23/06/2006;29;6.91;1.01;
AGIL01758;100652;25/04/2006;28370.38;8982.61;9809.44;;01055/0001;048;100652;15/05/2006;85;718.98;107.85;
AGIL01761;101540;20/05/2006;26403.66;26403.66;28066.61;;01064/0001;048;101540;;60;1446.04;216.91;
AGIL01761;102751;20/06/2006;28234.82;28234.82;29090.81;;01064/0001;049;102751;;29;747.39;108.60;
AGIL01764;103421;06/07/2006;56728.48;56728.48;57449.35;;01046/0011;004;103421;;13;628.28;92.59;
AGIL01772;103521;06/07/2006;102584.01;496.90;504.73;;01333/0004;010;103521;10/07/2006;13;6.82;1.01;
AGIL01775;100461;20/04/2006;14932.77;1752.11;1929.77;;01515/0001;019;100461;19/06/2006;90;154.49;23.17;
AGIL01775;101666;20/05/2006;14780.84;14780.84;15774.66;;01515/0001;020;101666;;60;864.19;129.63;
AGIL01775;102870;20/06/2006;14825.51;14825.51;15299.28;;01515/0001;021;102870;;29;413.58;60.19;
AGIL01784;99808;06/04/2006;21859.55;184.81;205.14;;01108/0003;036;99808;11/04/2006;104;17.68;2.65;
AGIL01785;101547;20/05/2006;33393.31;19602.33;20978.19;;01119/0001;045;101547;12/07/2006;60;1196.40;179.46;
AGIL01785;102760;20/06/2006;33449.08;33449.08;34579.66;;01119/0001;046;102760;;29;986.73;143.85;
AGIL01794;102371;06/06/2006;59175.31;3360.73;3508.92;;01428/0001;027;102371;14/06/2006;43;128.86;19.33;
AGIL01794;103574;06/07/2006;58996.44;58996.44;59781.17;;01428/0001;028;103574;;13;683.87;100.86;
AGIL01794;102372;06/06/2006;63721.30;842.71;882.06;;01428/0002;002;102372;14/06/2006;43;34.22;5.13;
AGIL01794;103575;06/07/2006;68669.16;68669.16;69636.72;;01428/0002;003;103575;;13;843.10;124.46;
AGIL01809;102754;20/06/2006;45423.28;33.58;34.61;;01085/0003;022;102754;19/06/2006;29;0.90;0.13;
AGIL01816;91425;06/09/2005;19852.71;5788.42;8000.56;;01157/0001;035;91425;12/07/2006;316;1943.97;268.17;
AGIL01825;103488;06/07/2006;68529.35;579.84;588.74;;01284/0002;010;103488;07/07/2006;13;7.75;1.15;
AGIL01837;103432;06/07/2006;2084.61;2084.61;2120.04;;01082/0002;023;103432;;13;30.86;4.57;
AGIL01837;103433;06/07/2006;1739.67;1739.67;1766.35;;01082/0003;009;103433;;13;23.24;3.44;
AGIL01839;103436;06/07/2006;23873.25;26.89;27.28;;01101/0003;010;103436;07/07/2006;13;0.34;0.05;
AGIL01841;103441;06/07/2006;18771.62;14271.62;14488.24;;01115/0001;046;103441;06/07/2006;13;188.73;27.89;
AGIL01847;103452;06/07/2006;19714.18;2042.04;2075.56;;01172/0001;044;103452;10/07/2006;13;29.20;4.32;
AGIL01860;102815;20/06/2006;51251.83;2701.11;2773.74;;01344/0001;034;102815;22/06/2006;29;63.45;9.18;
AGIL01874;103096;30/06/2006;27670.14;483.21;492.27;;01116/0002;008;103096;30/06/2006;19;7.91;1.15;
AGIL01889;102759;20/06/2006;2418.41;286.86;298.30;;01117/0002;017;102759;10/07/2006;29;9.98;1.46;
AGIL01893;102241;06/06/2006;51254.55;23529.74;24679.71;;01136/0001;045;102241;17/07/2006;43;999.97;150.00;
AGIL01893;103446;06/07/2006;51208.37;51208.37;51963.51;;01136/0001;046;103446;;13;657.94;97.20;
AGIL01905;102769;20/06/2006;45467.42;25201.28;26115.18;;01164/0001;044;102769;11/07/2006;29;797.42;116.48;
AGIL01910;103442;06/07/2006;2178.40;211.98;215.32;;01128/0002;003;103442;06/07/2006;13;2.91;0.43;
AGIL01916;102771;20/06/2006;3214.89;70.16;73.14;;01170/0003;013;102771;28/06/2006;29;2.60;0.38;
AGIL01924;102772;20/06/2006;10122.33;10122.33;10458.65;;01179/0005;003;102772;;29;293.55;42.77;
AGIL01928;70107;06/02/2004;24375.67;9277.49;19559.25;;01156/0001;016;70107;09/06/2004;894;9049.76;1232.00;
AGIL01928;71162;06/03/2004;23763.09;23763.09;49258.10;;01156/0001;017;71162;;865;22427.87;3067.14;
AGIL01928;72233;06/04/2004;24352.15;24352.15;49550.66;;01156/0001;018;72233;;834;22160.13;3038.38;
AGIL01928;73307;06/05/2004;19436.27;19436.27;38820.50;;01156/0001;019;73307;;804;17050.53;2333.70;
AGIL01928;74388;06/06/2004;19719.55;19719.55;38618.37;;01156/0001;020;74388;;773;16632.04;2266.78;
AGIL01928;75476;06/07/2004;19452.23;19452.23;37361.42;;01156/0001;021;75476;;743;15769.84;2139.35;
AGIL01928;76579;06/08/2004;19509.83;19509.83;36721.04;;01156/0001;022;76579;;712;15156.62;2054.59;
AGIL01928;77703;06/09/2004;19390.32;19390.32;35754.85;;01156/0001;023;77703;;681;14407.91;1956.62;
AGIL01928;78819;06/10/2004;18940.98;18940.98;34238.94;;01156/0001;024;78819;;651;13454.03;1843.93;
AGIL01928;79920;06/11/2004;17105.16;17105.16;30274.60;;01156/0001;025;79920;;620;11571.45;1597.99;
AGIL01928;81018;06/12/2004;18478.59;18478.59;32031.81;;01156/0001;026;81018;;590;11895.69;1657.53;
AGIL01928;82136;06/01/2005;18738.28;18738.28;31769.81;;01156/0001;027;82136;;559;11429.06;1602.47;
AGIL01928;83272;06/02/2005;18960.03;18960.03;31407.13;;01156/0001;028;83272;;528;10923.00;1524.10;
AGIL01928;84415;06/03/2005;18346.57;18346.57;29749.60;;01156/0001;029;84415;;500;10009.07;1393.96;
AGIL01928;85569;06/04/2005;18659.55;18659.55;29547.11;;01156/0001;030;85569;;469;9548.67;1338.89;
AGIL01928;86722;06/05/2005;18574.82;18574.82;28721.52;;01156/0001;031;86722;;439;8897.30;1249.40;
AGIL01928;87895;06/06/2005;18744.06;18744.06;28258.01;;01156/0001;032;87895;;408;8344.36;1169.59;
AGIL01928;89063;06/07/2005;18608.27;18608.27;27344.49;;01156/0001;033;89063;;378;7674.79;1061.43;
AGIL01928;90241;06/08/2005;18608.58;18608.58;26629.87;;01156/0001;034;90241;;347;7045.50;975.79;
AGIL01928;91424;06/09/2005;18600.89;18600.89;25901.03;;01156/0001;035;91424;;316;6413.42;886.72;
AGIL01928;92609;06/10/2005;18422.15;18422.15;24966.90;;01156/0001;036;92609;;286;5748.78;795.97;
AGIL01928;93805;06/11/2005;16910.36;16910.36;22268.20;;01156/0001;037;93805;;255;4705.03;652.81;
AGIL01928;95002;06/12/2005;16722.27;16722.27;21405.30;;01156/0001;038;95002;;225;4105.32;577.71;
AGIL01928;96193;06/01/2006;19194.16;19194.16;23838.93;;01156/0001;039;96193;;194;4062.93;581.84;
AGIL01928;97398;06/02/2006;19161.69;19161.69;23073.41;;01156/0001;040;97398;;163;3407.93;503.79;
AGIL01928;98605;06/03/2006;18879.26;18879.26;22077.31;;01156/0001;041;98605;;135;2780.91;417.14;
AGIL01928;99820;06/04/2006;19113.30;19113.30;21607.52;;01156/0001;042;99820;;104;2168.89;325.33;
AGIL01928;101031;06/05/2006;19062.27;19062.27;20832.27;;01156/0001;043;101031;;74;1539.13;230.87;
AGIL01928;102243;06/06/2006;19045.29;19045.29;20072.88;;01156/0001;044;102243;;43;893.56;134.03;
AGIL01928;103448;06/07/2006;18980.42;18980.42;19289.48;;01156/0001;045;103448;;13;269.23;39.83;
AGIL01938;94341;20/11/2005;39910.95;39910.95;51793.15;;01199/0001;036;94341;22/06/2006;241;10436.11;1446.09;
AGIL01941;102942;20/06/2006;17900.01;17684.78;18370.67;;01653/0001;014;102942;17/07/2006;29;598.34;87.55;
AGIL01976;101562;20/05/2006;14615.65;591.12;635.62;;01188/0001;042;101562;22/06/2006;60;38.70;5.80;
AGIL01976;102774;20/06/2006;14629.73;14629.73;15160.27;;01188/0001;043;102774;;29;462.92;67.62;
AGIL02050;103465;06/07/2006;49766.88;205.00;207.21;;01225/0002;033;103465;11/07/2006;13;1.93;0.28;
AGIL02050;103466;06/07/2006;10411.70;50.62;51.26;;01225/0004;029;103466;11/07/2006;13;0.56;0.08;
AGIL02056;102273;06/06/2006;7934.79;936.00;982.29;;01238/0003;033;102273;06/07/2006;43;40.25;6.04;
AGIL02056;103478;06/07/2006;7910.72;7910.72;8028.75;;01238/0003;034;103478;;13;102.84;15.19;
AGIL02082;102789;20/06/2006;56959.21;27453.63;28432.43;;01261/0002;018;102789;10/07/2006;29;854.10;124.70;
AGIL02086;102381;06/06/2006;56629.18;6545.56;6887.22;;01446/0001;025;102381;12/07/2006;43;297.10;44.56;
AGIL02086;103584;06/07/2006;59375.94;59375.94;60311.19;;01446/0001;026;103584;;13;814.77;120.48;
AGIL02089;73394;06/05/2004;16283.36;16283.36;32121.64;;01272/0001;012;73394;;804;13935.52;1902.76;
AGIL02089;74474;06/06/2004;14668.05;14668.05;28377.90;;01272/0001;013;74474;;773;12069.10;1640.75;
AGIL02089;75562;06/07/2004;16525.17;16525.17;31362.95;;01272/0001;014;75562;;743;13069.46;1768.32;
AGIL02089;76666;06/08/2004;16589.64;16589.64;30862.49;;01272/0001;015;76666;;712;12573.03;1699.82;
AGIL02089;77789;06/09/2004;16473.94;16473.94;30033.14;;01272/0001;016;77789;;681;11941.74;1617.46;
AGIL02089;78904;06/10/2004;16007.50;16007.50;28616.62;;01272/0001;017;78904;;651;11092.45;1516.67;
AGIL02089;80003;06/11/2004;16269.97;16269.97;28487.04;;01272/0001;018;80003;;620;10737.46;1479.61;
AGIL02089;81098;06/12/2004;16030.92;16030.92;27498.83;;01272/0001;019;81098;;590;10067.77;1400.14;
AGIL02089;82214;06/01/2005;16303.55;16303.55;27362.36;;01272/0001;020;82214;;559;9701.01;1357.80;
AGIL02089;83349;06/02/2005;16547.15;16547.15;27142.29;;01272/0001;021;83349;;528;9299.94;1295.20;
AGIL02089;84492;06/03/2005;15914.24;15914.24;25561.47;;01272/0001;022;84492;;500;8469.91;1177.32;
AGIL02089;85643;06/04/2005;16245.54;16245.54;25490.91;;01272/0001;023;85643;;469;8110.17;1135.20;
AGIL02089;86794;06/05/2005;14110.31;14110.31;21628.26;;01272/0001;024;86794;;439;6593.62;924.33;
AGIL02089;87966;06/06/2005;14311.38;14311.38;21396.37;;01272/0001;025;87966;;408;6215.34;869.65;
AGIL02089;89133;06/07/2005;15787.18;15787.18;23015.95;;01272/0001;026;89133;;378;6352.13;876.64;
AGIL02089;90313;06/08/2005;15802.17;15802.17;22445.58;;01272/0001;027;90313;;347;5836.72;806.69;
AGIL02089;91496;06/09/2005;15814.09;15814.09;21867.28;;01272/0001;028;91496;;316;5319.30;733.89;
AGIL02089;92680;06/10/2005;15603.64;15603.64;21010.21;;01272/0001;029;92680;;286;4750.23;656.34;
AGIL02089;93875;06/11/2005;15716.31;15716.31;20572.92;;01272/0001;030;93875;;255;4265.93;590.68;
AGIL02089;95064;06/12/2005;15470.72;15470.72;19696.51;;01272/0001;031;95064;;225;3705.24;520.55;
AGIL02089;96248;06/01/2006;15575.38;15575.38;19251.79;;01272/0001;032;96248;;194;3216.35;460.06;
AGIL02089;97450;06/02/2006;15555.12;15555.12;18652.83;;01272/0001;033;97450;;163;2698.88;398.83;
AGIL02089;98653;06/03/2006;15175.32;15175.32;17683.11;;01272/0001;034;98653;;135;2180.69;327.10;
AGIL02089;99861;06/04/2006;15544.99;15544.99;17523.98;;01272/0001;035;99861;;104;1720.86;258.13;
AGIL02089;101067;06/05/2006;13929.42;13929.42;15191.20;;01272/0001;036;101067;;74;1097.20;164.58;
AGIL02089;102279;06/06/2006;13951.75;13951.75;14686.13;;01272/0001;037;102279;;43;638.59;95.79;
AGIL02089;103484;06/07/2006;15094.41;15094.41;15334.17;;01272/0001;038;103484;;13;208.87;30.89;
AGIL02089;73395;06/05/2004;12439.22;12439.22;24155.06;;01272/0002;013;73395;;804;10312.28;1403.56;
AGIL02089;74475;06/06/2004;12583.85;12583.85;23972.77;;01272/0002;014;74475;;773;10029.94;1358.98;
AGIL02089;75563;06/07/2004;12440.89;12440.89;23257.10;;01272/0002;015;75563;;743;9531.16;1285.05;
AGIL02089;76667;06/08/2004;12461.10;12461.10;22841.86;;01272/0002;016;76667;;712;9148.33;1232.43;
AGIL02089;77790;06/09/2004;12393.15;12393.15;22270.05;;01272/0002;017;77790;;681;8702.30;1174.60;
AGIL02089;78905;06/10/2004;10620.51;10620.51;18721.25;;01272/0002;018;78905;;651;7129.05;971.69;
AGIL02089;80004;06/11/2004;11957.10;11957.10;20651.47;;01272/0002;019;80004;;620;7644.04;1050.33;
AGIL02089;81099;06/12/2004;11833.85;11833.85;20031.70;;01272/0002;020;81099;;590;7199.19;998.66;
AGIL02089;82215;06/01/2005;11959.93;11959.93;19816.16;;01272/0002;021;82215;;559;6893.60;962.63;
AGIL02089;83350;06/02/2005;12067.81;12067.81;19550.58;;01272/0002;022;83350;;528;6570.04;912.73;
AGIL02089;84493;06/03/2005;11770.85;11770.85;18680.75;;01272/0002;023;84493;;500;6068.53;841.37;
AGIL02089;85644;06/04/2005;11907.06;11907.06;18469.33;;01272/0002;024;85644;;469;5758.15;804.12;
AGIL02089;86795;06/05/2005;11865.56;11865.56;17987.83;;01272/0002;025;86795;;439;5371.04;751.23;
AGIL02089;87967;06/06/2005;11934.09;11934.09;17655.52;;01272/0002;026;87967;;408;5020.59;700.84;
AGIL02089;89134;06/07/2005;11868.30;11868.30;17130.69;;01272/0002;027;89134;;378;4625.79;636.60;
AGIL02089;90314;06/08/2005;11857.02;11857.02;16684.13;;01272/0002;028;90314;;347;4242.39;584.72;
AGIL02089;91497;06/09/2005;11844.35;11844.35;16234.56;;01272/0002;029;91497;;316;3859.26;530.95;
AGIL02089;92681;06/10/2005;10571.77;10571.77;14118.93;;01272/0002;030;92681;;286;3117.59;429.57;
AGIL02089;93876;06/11/2005;10587.82;10587.82;13756.14;;01272/0002;031;93876;;255;2783.89;384.43;
AGIL02089;95065;06/12/2005;10515.96;10515.96;13297.67;;01272/0002;032;95065;;225;2439.70;342.01;
AGIL02089;96249;06/01/2006;10524.77;10524.77;12930.77;;01272/0002;033;96249;;194;2105.33;300.67;
AGIL02089;97451;06/02/2006;10505.41;10505.41;12531.86;;01272/0002;034;97451;;163;1765.66;260.79;
AGIL02089;98654;06/03/2006;10446.32;10446.32;12118.57;;01272/0002;035;98654;;135;1454.13;218.12;
AGIL02089;99862;06/04/2006;10466.30;10466.30;11757.01;;01272/0002;036;99862;;104;1122.36;168.35;
AGIL02103;103480;06/07/2006;3826.81;726.50;735.74;;01256/0001;035;103480;14/07/2006;13;8.05;1.19;
AGIL02103;102784;20/06/2006;2292.60;379.56;391.69;;01256/0002;024;102784;14/07/2006;29;10.59;1.54;
AGIL02109;103487;06/07/2006;23557.52;23557.52;23938.37;;01280/0002;022;103487;;13;331.77;49.08;
AGIL02111;102787;20/06/2006;8791.62;240.64;248.88;;01259/0002;027;102787;26/06/2006;29;7.19;1.05;
AGIL02112;100369;20/04/2006;4437.73;4111.65;4528.57;;01265/0001;036;100369;17/07/2006;90;362.54;54.38;
AGIL02114;103482;06/07/2006;31637.11;31637.11;32187.99;;01268/0002;020;103482;;13;479.83;71.05;
AGIL02116;100375;20/04/2006;9016.15;552.18;625.21;;01288/0001;035;100375;31/05/2006;90;63.50;9.53;
AGIL02116;101583;20/05/2006;9004.86;9004.86;9798.79;;01288/0001;036;101583;;60;690.37;103.56;
AGIL02121;99857;06/04/2006;3237.92;1570.56;1753.18;;01267/0001;036;99857;05/05/2006;104;158.80;23.82;
AGIL02124;101576;20/05/2006;17133.70;17133.70;18348.77;;01260/0002;010;101576;;60;1056.58;158.49;
AGIL02124;102788;20/06/2006;17318.17;17318.17;17909.62;;01260/0002;011;102788;;29;516.18;75.27;
AGIL02128;103486;06/07/2006;49585.24;7342.69;7455.30;;01278/0003;012;103486;05/07/2006;13;98.11;14.50;
AGIL02130;101581;20/05/2006;3916.84;443.92;476.25;;01275/0003;019;101581;21/06/2006;60;28.11;4.22;
AGIL02130;102792;20/06/2006;3920.51;3920.51;4058.03;;01275/0003;020;102792;;29;120.01;17.51;
AGIL02160;97968;20/02/2006;723.47;685.36;826.23;;01305/0001;013;97968;28/02/2006;149;122.54;18.33;
AGIL02160;99177;20/03/2006;1207.55;1207.55;1409.19;;01305/0001;014;99177;;121;175.34;26.30;
AGIL02160;100383;20/04/2006;1250.83;1250.83;1406.18;;01305/0001;015;100383;;90;135.09;20.26;
AGIL02160;101591;20/05/2006;774.55;774.55;838.69;;01305/0001;016;101591;;60;55.77;8.37;
AGIL02160;102797;20/06/2006;781.50;781.50;812.68;;01305/0001;017;102797;;29;27.20;3.98;
AGIL02169;102284;06/06/2006;3662.84;3584.82;3745.25;;01298/0001;036;102284;16/06/2006;43;139.50;20.93;
AGIL02175;101080;06/05/2006;19096.94;491.69;531.20;;01302/0001;034;101080;29/05/2006;74;34.36;5.15;
AGIL02175;102286;06/06/2006;19068.14;19068.14;19958.68;;01302/0001;035;102286;;43;774.38;116.16;
AGIL02175;103490;06/07/2006;16827.30;16827.30;17064.40;;01302/0001;036;103490;;13;206.60;30.50;
AGIL02182;102803;20/06/2006;27427.70;246.95;254.66;;01308/0002;012;102803;20/06/2006;29;6.73;0.98;
AGIL02191;102812;20/06/2006;63242.18;331.73;340.13;;01340/0001;034;102812;26/06/2006;29;7.34;1.06;
AGIL02191;103104;30/06/2006;63825.50;606.97;617.98;;01340/0002;006;103104;10/07/2006;19;9.61;1.40;
AGIL02197;102825;20/06/2006;10889.19;10262.27;10698.31;;01382/0001;030;102825;04/07/2006;29;380.27;55.77;
AGIL02201;99887;06/04/2006;6533.19;6533.19;7303.82;;01309/0001;033;99887;;104;670.11;100.52;
AGIL02201;101091;06/05/2006;6508.49;6508.49;7050.06;;01309/0001;034;101091;;74;470.93;70.64;
AGIL02201;102298;06/06/2006;6487.43;6487.43;6795.58;;01309/0001;035;102298;;43;267.96;40.19;
AGIL02201;103502;06/07/2006;5303.45;5303.45;5379.65;;01309/0001;036;103502;;13;66.40;9.80;
AGIL02210;103525;06/07/2006;16981.65;16981.65;17277.35;;01337/0002;019;103525;;13;257.56;38.14;
AGIL02216;103612;06/07/2006;73869.61;12584.10;12787.55;;01498/0001;023;103612;11/07/2006;13;177.23;26.22;
AGIL02223;103524;06/07/2006;26398.22;336.41;341.43;;01336/0003;010;103524;06/07/2006;13;4.37;0.65;
AGIL02225;103530;06/07/2006;16311.55;7855.25;7965.28;;01348/0001;034;103530;11/07/2006;13;95.88;14.15;
AGIL02239;103520;06/07/2006;12358.40;12358.40;12553.06;;01331/0001;035;103520;;13;169.58;25.08;
AGIL02243;101716;20/05/2006;2951.59;359.93;389.73;;01611/0001;016;101716;20/06/2006;60;25.91;3.89;
AGIL02243;102919;20/06/2006;2977.25;2977.25;3096.03;;01611/0001;017;102919;;29;103.61;15.17;
AGIL02255;103529;06/07/2006;3039.51;2033.78;2064.13;;01347/0001;034;103529;06/07/2006;13;26.44;3.91;
AGIL02262;103543;06/07/2006;14955.28;12563.55;12723.19;;01362/0001;033;103543;11/07/2006;13;139.14;20.50;
AGIL02287;102348;06/06/2006;16671.81;505.68;529.30;;01385/0001;030;102348;12/06/2006;43;20.54;3.08;
AGIL02287;103551;06/07/2006;16617.07;16617.07;16851.21;;01385/0001;031;103551;;13;204.02;30.12;
AGIL02305;103552;06/07/2006;41599.45;41599.45;42128.07;;01387/0001;031;103552;;13;460.73;67.89;
AGIL02310;103550;06/07/2006;20933.77;10128.44;10266.95;;01384/0001;031;103550;07/07/2006;13;120.70;17.81;
AGIL02318;103563;06/07/2006;46990.24;46990.24;47587.17;;01404/0001;029;103563;;13;520.26;76.67;
AGIL02322;102907;20/06/2006;24196.22;1129.16;1174.00;;01589/0001;017;102907;14/07/2006;29;39.11;5.73;
AGIL02334;101628;20/05/2006;22669.67;1722.64;1816.27;;01397/0001;028;101628;12/07/2006;60;81.42;12.21;
AGIL02334;102834;20/06/2006;22715.89;22715.89;23309.87;;01397/0001;029;102834;;29;518.96;75.02;
AGIL02347;103569;06/07/2006;41517.58;58.05;59.11;;01417/0002;016;103569;07/07/2006;13;0.92;0.14;
AGIL02379;102837;20/06/2006;877.58;83.81;86.68;;01419/0001;028;102837;26/06/2006;29;2.50;0.37;
AGIL02380;102405;06/06/2006;3700.36;153.64;161.87;;01488/0001;023;102405;09/06/2006;43;7.16;1.07;
AGIL02380;103606;06/07/2006;3680.38;3680.38;3739.88;;01488/0001;024;103606;;13;51.83;7.67;
AGIL02389;102844;20/06/2006;24755.16;1716.35;1774.40;;01450/0002;013;102844;20/06/2006;29;50.66;7.39;
AGIL02395;102856;20/06/2006;41208.73;154.60;160.20;;01474/0001;024;102856;23/06/2006;29;4.89;0.71;
AGIL02398;101168;06/05/2006;2623.38;329.65;357.08;;01433/0001;025;101168;29/06/2006;74;23.85;3.58;
AGIL02398;102374;06/06/2006;2615.94;2615.94;2740.20;;01433/0001;026;102374;;43;108.05;16.21;
AGIL02398;103577;06/07/2006;2604.99;2604.99;2642.42;;01433/0001;027;103577;;13;32.61;4.82;
AGIL02403;102378;06/06/2006;26351.78;26351.78;27359.50;;01439/0001;026;102378;;43;876.28;131.44;
AGIL02403;103581;06/07/2006;26297.86;26297.86;26601.13;;01439/0001;027;103581;;13;264.38;38.89;
AGIL02410;102370;06/06/2006;4219.83;809.18;843.17;;01427/0001;023;102370;30/06/2006;43;29.56;4.43;
AGIL02410;103573;06/07/2006;4210.09;4210.09;4263.59;;01427/0001;024;103573;;13;46.63;6.87;
AGIL02413;102933;20/06/2006;58520.04;290.63;300.83;;01631/0002;012;102933;20/06/2006;29;8.90;1.30;
AGIL02418;103592;06/07/2006;91705.38;91705.38;93187.95;;01462/0002;022;103592;;13;1291.52;191.05;
AGIL02422;102382;06/06/2006;3718.27;931.52;970.64;;01449/0001;025;102382;06/06/2006;43;34.02;5.10;
AGIL02422;103585;06/07/2006;3968.74;3968.74;4019.17;;01449/0001;026;103585;;13;43.95;6.48;
AGIL02424;96364;06/01/2006;23363.99;23363.99;27801.58;;01443/0001;021;96364;;194;3887.98;549.61;
AGIL02424;97565;06/02/2006;23375.16;23375.16;27124.63;;01443/0001;022;97565;;163;3268.26;481.21;
AGIL02424;98761;06/03/2006;22984.95;22984.95;26045.86;;01443/0001;023;98761;;135;2661.66;399.25;
AGIL02424;99970;06/04/2006;23440.50;23440.50;25845.27;;01443/0001;024;99970;;104;2091.10;313.67;
AGIL02424;101174;06/05/2006;22297.92;22297.92;23925.60;;01443/0001;025;101174;;74;1415.37;212.31;
AGIL02424;102380;06/06/2006;22340.10;22340.10;23287.70;;01443/0001;026;102380;;43;824.00;123.60;
AGIL02424;103583;06/07/2006;23472.60;23472.60;23772.93;;01443/0001;027;103583;;13;261.75;38.58;
AGIL02427;102854;20/06/2006;82581.72;304.07;314.45;;01468/0002;019;102854;20/06/2006;29;9.06;1.32;
AGIL02428;102391;06/06/2006;102718.07;37756.70;39831.22;;01466/0001;024;102391;15/06/2006;43;1803.93;270.59;
AGIL02428;102853;20/06/2006;84067.26;5098.50;5272.62;;01466/0002;010;102853;30/06/2006;29;151.96;22.16;
AGIL02438;99979;06/04/2006;1688.62;1688.62;1887.80;;01457/0001;022;99979;;104;173.20;25.98;
AGIL02438;101182;06/05/2006;1686.74;1686.74;1827.10;;01457/0001;023;101182;;74;122.05;18.31;
AGIL02438;102386;06/06/2006;1687.90;1687.90;1768.08;;01457/0001;024;102386;;43;69.72;10.46;
AGIL02438;103589;06/07/2006;1686.72;1686.72;1710.96;;01457/0001;025;103589;;13;21.12;3.12;
AGIL02439;103604;06/07/2006;64854.30;64854.30;65956.64;;01486/0001;024;103604;;13;960.20;142.14;
AGIL02451;103615;06/07/2006;2666.23;516.00;524.34;;01501/0001;023;103615;17/07/2006;13;7.27;1.07;
AGIL02459;101179;06/05/2006;23181.12;23067.13;24986.53;;01454/0001;024;101179;19/05/2006;74;1669.04;250.36;
AGIL02459;102383;06/06/2006;21013.99;21013.99;22012.14;;01454/0001;025;102383;;43;867.96;130.19;
AGIL02459;103586;06/07/2006;20917.78;20917.78;21218.33;;01454/0001;026;103586;;13;261.88;38.67;
AGIL02459;102384;06/06/2006;19230.52;19230.52;20143.96;;01454/0002;019;102384;;43;794.30;119.14;
AGIL02459;103587;06/07/2006;19166.25;19166.25;19441.64;;01454/0002;020;103587;;13;239.96;35.43;
AGIL02459;101640;20/05/2006;19395.87;19395.87;20882.89;;01454/0003;018;101640;;60;1293.06;193.96;
AGIL02459;102846;20/06/2006;19484.66;19484.66;20204.25;;01454/0003;019;102846;;29;627.84;91.75;
AGIL02467;102855;20/06/2006;25827.54;9202.50;9533.83;;01473/0001;024;102855;13/06/2006;29;289.11;42.22;
AGIL02478;102394;06/06/2006;2478.82;1343.75;1415.74;;01471/0001;024;102394;06/07/2006;43;62.60;9.39;
AGIL02478;103595;06/07/2006;2083.93;2083.93;2117.62;;01471/0001;025;103595;;13;29.35;4.34;
AGIL02484;101206;06/05/2006;11975.45;492.75;540.51;;01497/0001;021;101206;24/05/2006;74;41.53;6.23;
AGIL02484;102410;06/06/2006;12021.89;12021.89;12698.94;;01497/0001;022;102410;;43;588.74;88.31;
AGIL02484;103611;06/07/2006;11977.79;11977.79;12181.38;;01497/0001;023;103611;;13;177.34;26.25;
AGIL02487;103614;06/07/2006;58213.92;58213.92;59155.05;;01500/0001;023;103614;;13;819.85;121.28;
AGIL02490;102884;20/06/2006;86029.03;7297.06;7546.27;;01549/0001;018;102884;27/06/2006;29;217.49;31.72;
AGIL02490;103114;30/06/2006;58341.97;3455.56;3520.33;;01549/0002;007;103114;30/06/2006;19;56.54;8.23;
AGIL02510;102865;20/06/2006;73672.25;1462.59;1517.96;;01504/0001;021;102865;29/06/2006;29;48.31;7.06;
AGIL02514;102412;06/06/2006;73356.74;34352.10;36192.38;;01499/0001;022;102412;30/06/2006;43;1600.24;240.04;
AGIL02514;103613;06/07/2006;72956.21;72956.21;74135.67;;01499/0001;023;103613;;13;1027.47;151.99;
AGIL02519;101665;20/05/2006;10192.83;2282.30;2452.90;;01512/0001;020;101665;22/05/2006;60;148.35;22.25;
AGIL02519;102869;20/06/2006;10262.63;10262.63;10632.14;;01512/0001;021;102869;;29;322.42;47.09;
AGIL02520;103632;06/07/2006;10411.21;1074.57;1091.94;;01518/0001;021;103632;06/07/2006;13;15.13;2.24;
AGIL02521;100465;20/04/2006;10905.27;10053.46;11267.41;;01521/0002;012;100465;16/06/2006;90;1055.61;158.34;
AGIL02521;101670;20/05/2006;10757.55;10757.55;11623.53;;01521/0002;013;101670;;60;753.03;112.95;
AGIL02521;102874;20/06/2006;10871.46;10871.46;11293.10;;01521/0002;014;102874;;29;367.82;53.82;
AGIL02530;102905;20/06/2006;9650.39;4352.09;4524.91;;01587/0001;018;102905;05/07/2006;29;150.75;22.07;
AGIL02535;102896;20/06/2006;13647.59;598.77;618.77;;01567/0001;018;102896;10/07/2006;29;17.46;2.54;
AGIL02539;102446;06/06/2006;8959.64;2386.28;2530.50;;01547/0001;019;102446;30/06/2006;43;125.41;18.81;
AGIL02539;103647;06/07/2006;8896.42;8896.42;9058.71;;01547/0001;020;103647;;13;141.35;20.94;
AGIL02546;103701;06/07/2006;28887.17;195.82;199.55;;01650/0001;015;103701;30/06/2006;13;3.25;0.48;
AGIL02555;101216;06/05/2006;1980.92;712.08;781.09;;01507/0001;020;101216;30/06/2006;74;60.01;9.00;
AGIL02555;102420;06/06/2006;1979.18;1979.18;2090.64;;01507/0001;021;102420;;43;96.92;14.54;
AGIL02555;103621;06/07/2006;1972.06;1972.06;2005.58;;01507/0001;022;103621;;13;29.20;4.32;
AGIL02559;101232;06/05/2006;28121.83;3832.35;4176.60;;01525/0001;018;101232;27/06/2006;74;299.35;44.90;
AGIL02559;102436;06/06/2006;28211.18;28211.18;29683.72;;01525/0001;019;102436;;43;1280.47;192.07;
AGIL02559;103637;06/07/2006;28046.07;28046.07;28487.83;;01525/0001;020;103637;;13;384.85;56.91;
AGIL02571;102448;06/06/2006;12938.13;4666.61;4903.79;;01551/0001;019;102448;05/06/2006;43;206.24;30.94;
AGIL02571;103649;06/07/2006;12865.92;12865.92;13063.23;;01551/0001;020;103649;;13;171.90;25.41;
AGIL02574;102437;06/06/2006;14248.12;5465.38;5780.69;;01533/0001;019;102437;11/07/2006;43;274.18;41.13;
AGIL02574;103638;06/07/2006;14152.69;14152.69;14399.12;;01533/0001;020;103638;;13;214.65;31.78;
AGIL02585;102877;20/06/2006;3687.32;1961.60;2024.28;;01529/0001;020;102877;29/06/2006;29;54.72;7.96;
AGIL02589;102913;20/06/2006;45268.26;208.65;215.28;;01602/0002;017;102913;20/06/2006;29;5.79;0.84;
AGIL02589;102914;20/06/2006;24343.79;1866.29;1925.64;;01602/0003;017;102914;20/06/2006;29;51.81;7.54;
AGIL02592;102891;20/06/2006;4694.25;4694.25;4871.96;;01561/0001;019;102891;;29;155.04;22.67;
AGIL02599;103644;06/07/2006;9980.98;57.01;57.86;;01544/0001;020;103644;11/07/2006;13;0.74;0.11;
AGIL02601;102910;20/06/2006;76620.73;1508.35;1554.38;;01598/0001;017;102910;20/06/2006;29;40.19;5.84;
AGIL02602;102885;20/06/2006;10346.36;157.92;163.32;;01552/0001;019;102885;21/06/2006;29;4.71;0.69;
AGIL02608;102889;20/06/2006;12498.29;2101.77;2173.55;;01559/0001;019;102889;11/07/2006;29;62.64;9.14;
AGIL02613;102445;06/06/2006;6830.89;6625.99;6953.65;;01546/0001;019;102445;28/06/2006;43;284.92;42.74;
AGIL02613;103646;06/07/2006;6794.37;6794.37;6895.75;;01546/0001;020;103646;;13;88.33;13.05;
AGIL02616;103650;06/07/2006;1409.38;1409.38;1433.93;;01553/0001;020;103650;;13;21.38;3.17;
AGIL02620;103510;06/07/2006;5239.43;1234.01;1248.92;;01323/0001;035;103510;13/07/2006;13;13.00;1.91;
AGIL02623;100486;20/04/2006;858.54;858.54;949.86;;01566/0001;017;100486;30/06/2006;90;79.41;11.91;
AGIL02623;101691;20/05/2006;851.49;851.49;911.88;;01566/0001;018;101691;;60;52.51;7.88;
AGIL02623;102895;20/06/2006;855.24;855.24;884.45;;01566/0001;019;102895;;29;25.49;3.72;
AGIL02625;102904;20/06/2006;19666.16;1693.34;1741.18;;01586/0001;018;102904;06/07/2006;29;41.78;6.06;
AGIL02625;101258;06/05/2006;19710.53;1408.15;1512.01;;01586/0002;016;101258;30/05/2006;74;90.31;13.55;
AGIL02625;102461;06/06/2006;19669.22;19669.22;20495.43;;01586/0002;017;102461;;43;718.44;107.77;
AGIL02625;103664;06/07/2006;19623.64;19623.64;19873.01;;01586/0002;018;103664;;13;217.34;32.03;
AGIL02625;102462;06/06/2006;21766.70;2607.61;2731.47;;01586/0003;015;102462;06/07/2006;43;107.70;16.16;
AGIL02625;103665;06/07/2006;21731.19;21731.19;22043.44;;01586/0003;016;103665;;13;272.07;40.18;
AGIL02626;102473;06/06/2006;38990.10;4966.71;5175.33;;01614/0001;016;102473;06/07/2006;43;181.41;27.21;
AGIL02626;103677;06/07/2006;38907.51;38907.51;39401.92;;01614/0001;017;103677;;13;430.91;63.50;
AGIL02626;102474;06/06/2006;21710.43;2555.84;2677.24;;01614/0002;015;102474;06/07/2006;43;105.57;15.83;
AGIL02626;103678;06/07/2006;21674.78;21674.78;21986.21;;01614/0002;016;103678;;13;271.36;40.07;
AGIL02631;103115;30/06/2006;103995.40;21402.97;21804.11;;01571/0002;009;103115;30/06/2006;19;350.18;50.96;
AGIL02632;102930;20/06/2006;26453.75;364.74;379.56;;01629/0001;016;102930;20/06/2006;29;12.93;1.89;
AGIL02635;95685;20/12/2005;52536.87;14699.97;18536.27;;01588/0001;012;95685;28/04/2006;211;3360.17;476.13;
AGIL02635;96883;20/01/2006;56887.06;56887.06;69591.30;;01588/0001;013;96883;;180;11092.98;1611.26;
AGIL02635;98083;20/02/2006;50645.62;50645.62;60043.38;;01588/0001;014;98083;;149;8175.05;1222.71;
AGIL02635;99288;20/03/2006;54893.93;54893.93;63168.96;;01588/0001;015;99288;;121;7195.68;1079.35;
AGIL02635;100497;20/04/2006;56925.41;56925.41;63308.17;;01588/0001;016;100497;;90;5550.23;832.53;
AGIL02635;101702;20/05/2006;56430.52;56430.52;60648.70;;01588/0001;017;101702;;60;3667.98;550.20;
AGIL02635;102906;20/06/2006;56902.95;56902.95;58951.73;;01588/0001;018;102906;;29;1787.70;261.08;
AGIL02638;102900;20/06/2006;85989.39;85989.39;89055.16;;01577/0001;018;102900;;29;2675.18;390.59;
AGIL02641;102921;20/06/2006;14789.80;140.10;145.14;;01618/0002;014;102921;20/06/2006;29;4.40;0.64;
AGIL02644;102928;20/06/2006;16020.96;182.47;189.89;;01626/0001;016;102928;23/06/2006;29;6.47;0.95;
AGIL02646;101697;20/05/2006;6580.24;4077.56;4405.80;;01580/0001;017;101697;22/06/2006;60;285.43;42.81;
AGIL02646;102901;20/06/2006;6670.05;6670.05;6928.74;;01580/0001;018;102901;;29;225.67;33.02;
AGIL02650;101726;20/05/2006;17764.19;2963.39;3197.40;;01628/0001;014;101726;17/07/2006;60;203.49;30.52;
AGIL02650;102929;20/06/2006;18007.63;18007.63;18692.69;;01628/0001;015;102929;;29;597.65;87.41;
AGIL02654;103662;06/07/2006;81255.99;577.01;585.86;;01581/0001;018;103662;12/07/2006;13;7.71;1.14;
AGIL02654;103117;30/06/2006;59068.52;571.91;582.29;;01581/0002;005;103117;05/07/2006;19;9.06;1.32;
AGIL02656;102469;06/06/2006;67562.80;84.41;88.95;;01607/0001;016;102469;07/06/2006;43;3.95;0.59;
AGIL02656;103673;06/07/2006;66996.64;66996.64;68085.31;;01607/0001;017;103673;;13;948.37;140.30;
AGIL02670;103670;06/07/2006;51141.20;385.02;391.24;;01595/0001;018;103670;12/07/2006;13;5.42;0.80;
AGIL02670;102909;20/06/2006;55441.36;456.46;472.05;;01595/0002;009;102909;27/06/2006;29;13.61;1.98;
AGIL02672;102475;06/06/2006;13651.23;3617.44;3812.23;;01615/0001;016;102475;30/06/2006;43;169.38;25.41;
AGIL02672;103679;06/07/2006;13563.41;13563.41;13783.81;;01615/0001;017;103679;;13;192.00;28.40;
AGIL02689;102470;06/06/2006;20323.24;20323.24;21288.58;;01608/0001;016;102470;;43;839.43;125.91;
AGIL02689;103674;06/07/2006;20279.27;20279.27;20570.65;;01608/0001;017;103674;;13;253.89;37.49;
AGIL02690;102477;06/06/2006;75677.01;5561.67;5876.42;;01617/0001;016;102477;23/06/2006;43;273.70;41.05;
AGIL02690;103681;06/07/2006;75012.34;75012.34;76293.57;;01617/0001;017;103681;;13;1116.02;165.21;
AGIL02690;102920;20/06/2006;13435.73;583.86;604.88;;01617/0002;010;102920;05/07/2006;29;18.34;2.68;
AGIL02692;102476;06/06/2006;32136.12;32136.12;33866.50;;01616/0001;016;102476;;43;1504.68;225.70;
AGIL02692;103680;06/07/2006;31931.00;31931.00;32449.87;;01616/0001;017;103680;;13;452.00;66.87;
AGIL02693;102937;20/06/2006;32354.07;130.62;135.59;;01638/0001;015;102937;20/06/2006;29;4.34;0.63;
AGIL02699;102479;06/06/2006;4880.25;4880.25;5143.03;;01620/0001;016;102479;;43;228.50;34.28;
AGIL02699;103683;06/07/2006;4850.00;4850.00;4928.81;;01620/0001;017;103683;;13;68.65;10.16;
AGIL02700;103684;06/07/2006;18110.31;18100.64;18439.87;;01621/0002;015;103684;17/07/2006;13;295.44;43.79;
AGIL02700;103685;06/07/2006;2224.53;2224.53;2266.22;;01621/0003;015;103685;;13;36.31;5.38;
AGIL02705;102484;06/06/2006;22203.70;1911.48;2018.19;;01634/0001;015;102484;13/07/2006;43;92.79;13.92;
AGIL02705;103688;06/07/2006;22051.40;22051.40;22422.92;;01634/0001;016;103688;;13;323.62;47.90;
AGIL02714;100096;06/04/2006;33146.33;33146.33;37771.34;;01665/0001;011;100096;;104;4021.75;603.26;
AGIL02714;101298;06/05/2006;33055.51;33055.51;36337.37;;01665/0001;012;101298;;74;2853.79;428.07;
AGIL02715;92902;06/10/2005;22918.66;4906.94;6736.28;;01632/0001;007;92902;28/11/2005;286;1606.10;223.24;
AGIL02715;94096;06/11/2005;23171.64;23171.64;30875.69;;01632/0001;008;94096;;255;6762.26;941.79;
AGIL02715;95286;06/12/2005;24628.53;24628.53;31865.57;;01632/0001;009;95286;;225;6341.85;895.19;
AGIL02715;96468;06/01/2006;24721.77;24721.77;30998.32;;01632/0001;010;96468;;194;5488.78;787.77;
AGIL02715;97670;06/02/2006;24728.35;24728.35;30023.68;;01632/0001;011;97670;;163;4612.94;682.39;
AGIL02715;98866;06/03/2006;23917.75;23917.75;28167.33;;01632/0001;012;98866;;135;3695.29;554.29;
AGIL02715;100075;06/04/2006;24812.22;24812.22;28208.41;;01632/0001;013;100075;;104;2953.21;442.98;
AGIL02715;101279;06/05/2006;21787.20;21787.20;23909.10;;01632/0001;014;101279;;74;1845.13;276.77;
AGIL02715;102483;06/06/2006;24628.83;24628.83;26022.64;;01632/0001;015;102483;;43;1212.01;181.80;
AGIL02715;103687;06/07/2006;24501.54;24501.54;24920.03;;01632/0001;016;103687;;13;364.53;53.96;
AGIL02728;102934;20/06/2006;19842.21;19167.91;19946.84;;01633/0001;015;102934;20/06/2006;29;679.40;99.53;
AGIL02728;100731;28/04/2006;17068.26;15657.94;16970.42;;01633/0002;003;100731;17/05/2006;82;1141.29;171.19;
AGIL02728;101914;31/05/2006;17910.32;17910.32;18807.42;;01633/0002;004;101914;;49;780.09;117.01;
AGIL02728;103120;30/06/2006;17440.40;17440.40;17777.85;;01633/0002;005;103120;;19;294.55;42.90;
AGIL02743;102938;20/06/2006;25547.96;2391.31;2482.28;;01641/0001;015;102938;21/06/2006;29;79.36;11.61;
AGIL02746;103696;06/07/2006;2599.48;740.77;751.41;;01645/0001;015;103696;06/07/2006;13;9.27;1.37;
AGIL02751;102944;20/06/2006;77489.68;2101.91;2183.43;;01656/0001;014;102944;22/06/2006;29;71.11;10.41;
AGIL02753;102945;20/06/2006;14062.47;14062.47;14590.68;;01657/0001;014;102945;;29;460.83;67.38;
AGIL02757;102936;20/06/2006;4436.96;36.96;38.46;;01636/0001;015;102936;20/06/2006;29;1.31;0.19;
AGIL02762;102949;20/06/2006;5472.23;5472.23;5704.75;;01661/0001;014;102949;;29;202.78;29.74;
AGIL02762;102950;20/06/2006;5160.74;5160.74;5380.01;;01661/0002;014;102950;;29;191.23;28.04;
AGIL02762;102501;06/06/2006;6991.40;6991.40;7433.16;;01661/0003;013;102501;;43;384.14;57.62;
AGIL02762;103706;06/07/2006;7332.98;7332.98;7472.85;;01661/0003;014;103706;;13;121.81;18.06;
AGIL02762;102502;06/06/2006;4730.37;4730.37;5029.27;;01661/0004;013;102502;;43;259.91;38.99;
AGIL02762;103707;06/07/2006;5149.64;5149.64;5247.86;;01661/0004;014;103707;;13;85.54;12.68;
AGIL02762;101748;20/05/2006;6026.06;3582.18;3884.27;;01661/0005;011;101748;13/07/2006;60;262.69;39.40;
AGIL02762;102951;20/06/2006;6097.53;6097.53;6345.31;;01661/0005;012;102951;;29;216.12;31.66;
AGIL02767;102549;06/06/2006;34184.81;170.35;179.48;;01734/0001;009;102549;12/06/2006;43;7.94;1.19;
AGIL02767;103755;06/07/2006;34063.89;34063.89;34614.58;;01734/0001;010;103755;;13;479.73;70.96;
AGIL02767;101783;20/05/2006;13592.03;289.73;311.38;;01734/0002;008;101783;12/06/2006;60;18.83;2.82;
AGIL02767;102986;20/06/2006;13691.77;13691.77;14184.74;;01734/0002;009;102986;;29;430.15;62.82;
AGIL02769;102506;06/06/2006;28164.63;642.39;679.45;;01671/0001;013;102506;23/06/2006;43;32.23;4.83;
AGIL02769;103711;06/07/2006;30752.67;30752.67;31288.15;;01671/0001;014;103711;;13;466.42;69.06;
AGIL02769;102507;06/06/2006;8728.74;199.09;210.58;;01671/0002;013;102507;23/06/2006;43;9.99;1.50;
AGIL02769;103712;06/07/2006;9500.87;9500.87;9666.31;;01671/0002;014;103712;;13;144.10;21.34;
AGIL02778;101301;06/05/2006;3060.05;100.98;111.01;;01670/0001;012;101301;16/05/2006;74;8.72;1.31;
AGIL02778;102505;06/06/2006;3066.28;3066.28;3243.18;;01670/0001;013;102505;;43;153.83;23.07;
AGIL02778;103710;06/07/2006;3544.95;3544.95;3606.68;;01670/0001;014;103710;;13;53.77;7.96;
AGIL02779;103704;06/07/2006;3426.51;1271.93;1294.08;;01652/0001;015;103704;06/07/2006;13;19.29;2.86;
AGIL02786;103713;06/07/2006;43282.60;43282.60;44108.15;;01672/0001;014;103713;;13;718.97;106.58;
AGIL02786;103714;06/07/2006;7638.09;7638.09;7777.43;;01672/0002;013;103714;;13;121.36;17.98;
AGIL02800;101355;06/05/2006;48787.19;48787.19;53284.97;;01743/0001;007;101355;;74;3911.11;586.67;
AGIL02800;102558;06/06/2006;49197.56;49197.56;51833.12;;01743/0001;008;102558;;43;2291.79;343.77;
AGIL02800;103764;06/07/2006;48835.83;48835.83;49625.34;;01743/0001;009;103764;;13;687.77;101.74;
AGIL02815;102965;20/06/2006;4858.32;4858.32;5055.75;;01690/0001;013;102965;;29;172.20;25.23;
AGIL02822;102970;20/06/2006;84494.41;84494.41;87614.90;;01705/0001;011;102970;;29;2722.60;397.89;
AGIL02822;103737;06/07/2006;42714.29;42714.29;43404.84;;01705/0002;010;103737;;13;601.56;88.99;
AGIL02824;103730;06/07/2006;18947.12;18947.12;19261.30;;01698/0001;012;103730;;13;273.68;40.50;
AGIL02826;102964;20/06/2006;8678.75;357.33;370.52;;01685/0001;013;102964;19/06/2006;29;11.51;1.68;
AGIL02836;103777;06/07/2006;13832.92;13828.52;14034.85;;01776/0001;006;103777;13/07/2006;13;179.77;26.56;
AGIL02844;100572;20/04/2006;22901.74;8809.66;9822.77;;01724/0001;008;100572;30/06/2006;90;880.97;132.14;
AGIL02844;101777;20/05/2006;22523.56;22523.56;24250.37;;01724/0001;009;101777;;60;1501.57;225.24;
AGIL02844;102980;20/06/2006;22854.99;22854.99;23699.05;;01724/0001;010;102980;;29;736.44;107.62;
AGIL02856;102971;20/06/2006;23582.08;16190.45;16719.09;;01707/0001;012;102971;13/07/2006;29;461.44;67.20;
AGIL02868;102975;20/06/2006;113703.96;28618.76;29571.23;;01719/0001;010;102975;23/06/2006;29;831.33;121.14;
AGIL02870;103756;06/07/2006;33501.53;13480.99;13698.93;;01735/0001;010;103756;14/07/2006;13;189.86;28.08;
AGIL02872;102974;20/06/2006;31858.37;677.47;700.60;;01718/0001;011;102974;22/06/2006;29;20.19;2.94;
AGIL02877;103753;06/07/2006;15838.94;72.40;73.48;;01732/0001;010;103753;10/07/2006;13;0.94;0.14;
AGIL02877;103754;06/07/2006;7215.77;35.75;36.32;;01732/0002;010;103754;10/07/2006;13;0.50;0.07;
AGIL02879;103767;06/07/2006;19689.27;15651.53;15904.57;;01746/0001;009;103767;12/07/2006;13;220.43;32.61;
AGIL02880;102992;20/06/2006;16951.66;2988.81;3093.65;;01755/0001;007;102992;30/06/2006;29;91.49;13.35;
AGIL02881;103004;20/06/2006;15240.15;553.21;572.61;;01775/0001;006;103004;26/06/2006;29;16.93;2.47;
AGIL02903;103758;06/07/2006;47274.77;47274.77;48039.05;;01737/0001;010;103758;;13;665.79;98.49;
AGIL02906;103765;06/07/2006;27897.67;122.59;124.35;;01744/0001;010;103765;10/07/2006;13;1.53;0.23;
AGIL02913;102583;06/06/2006;17019.26;721.68;759.35;;01810/0001;003;102583;10/07/2006;43;32.76;4.91;
AGIL02913;103790;06/07/2006;16776.82;16776.82;17041.08;;01810/0001;004;103790;;13;230.22;34.04;
AGIL02962;103013;20/06/2006;22735.66;22735.66;23533.19;;01792/0001;005;103013;;29;695.96;101.57;
AGIL02971;103135;30/06/2006;17338.76;2363.98;2409.72;;01790/0001;005;103135;30/06/2006;19;39.92;5.82;
AGIL02983;101928;31/05/2006;56559.62;4067.42;4264.78;;01783/0001;005;101928;19/06/2006;49;171.62;25.74;
AGIL02983;103134;30/06/2006;54751.14;54751.14;55777.28;;01783/0001;006;103134;;19;895.79;130.35;
AGIL02991;103017;20/06/2006;44964.41;108.84;112.66;;01808/0001;004;103017;23/06/2006;29;3.33;0.49;
AGIL03006;103783;06/07/2006;23545.88;2860.57;2905.62;;01796/0001;005;103783;06/07/2006;13;39.25;5.80;
AGIL03008;103015;20/06/2006;3865.65;44.80;46.37;;01798/0001;005;103015;20/06/2006;29;1.37;0.20;
AGIL03009;103799;06/07/2006;102280.35;415.20;420.71;;01827/0001;003;103799;10/07/2006;13;4.80;0.71;
AGIL03020;102591;06/06/2006;65170.30;2419.82;2519.54;;01824/0001;002;102591;16/06/2006;43;86.71;13.01;
AGIL03020;103798;06/07/2006;64836.54;64836.54;65642.41;;01824/0001;003;103798;;13;702.40;103.47;
AGIL03073;103812;06/07/2006;26629.78;1250.00;1269.69;;01853/0001;001;103812;06/07/2006;13;17.15;2.54;
AGIL05000;102613;06/06/2006;22345.01;569.31;598.24;;05010/0001;010;102613;12/06/2006;43;25.16;3.77;
AGIL05000;103827;06/07/2006;22198.89;22198.89;22539.33;;05010/0001;011;103827;;13;296.60;43.84;
AGIL05001;101876;25/05/2006;25491.05;347.62;370.59;;05000/0001;012;101876;13/06/2006;55;19.97;3.00;
AGIL05001;103079;25/06/2006;22482.32;22482.32;23128.02;;05000/0001;013;103079;;24;563.56;82.14;
AGIL05001;103818;06/07/2006;30183.97;30183.97;30659.41;;05000/0002;005;103818;;13;414.19;61.25;
AGIL05002;103036;20/06/2006;22144.48;73.30;75.59;;05001/0001;012;103036;20/06/2006;29;2.00;0.29;
AGIL05005;103823;06/07/2006;14015.11;14015.11;14241.69;;05005/0001;010;103823;;13;197.38;29.20;
AGIL05007;103822;06/07/2006;87416.89;316.66;321.31;;05004/0001;012;103822;06/07/2006;13;4.05;0.60;
AGIL05009;103826;06/07/2006;63714.50;63714.50;64661.47;;05009/0001;011;103826;;13;825.07;121.90;
AGIL05024;102617;06/06/2006;16239.54;13726.19;14456.99;;05015/0001;008;102617;10/07/2006;43;635.48;95.32;
AGIL05024;103831;06/07/2006;16118.85;16118.85;16377.83;;05015/0001;009;103831;;13;225.61;33.37;
AGIL05037;103048;20/06/2006;37703.27;1050.37;1087.21;;05029/0001;005;103048;20/06/2006;29;32.15;4.69;
AGIL05040;100599;20/04/2006;19002.39;2037.98;2248.91;;01779/0001;004;100599;22/05/2006;90;183.42;27.51;
AGIL05040;101804;20/05/2006;18730.59;18730.59;20023.01;;01779/0001;005;101804;;60;1123.84;168.58;
AGIL05040;103007;20/06/2006;18961.96;18961.96;19591.99;;01779/0001;006;103007;;29;549.90;80.13;
AGIL05042;103044;20/06/2006;21361.69;12064.70;12496.41;;05018/0001;008;103044;12/07/2006;29;376.70;55.01;
AGIL05044;103148;30/06/2006;72705.41;25395.46;25902.24;;05023/0001;006;103148;30/06/2006;19;442.30;64.48;
AGIL05047;103156;30/06/2006;20053.57;1253.32;1277.57;;05033/0001;004;103156;30/06/2006;19;21.17;3.08;
AGIL05053;103835;06/07/2006;26033.37;13202.03;13382.56;;05028/0002;002;103835;14/07/2006;13;157.32;23.21;
AGIL05056;103834;06/07/2006;13680.00;82.53;83.83;;05026/0001;006;103834;11/07/2006;13;1.13;0.17;
AGIL05064;103839;06/07/2006;30232.17;14358.17;14554.52;;05039/0001;003;103839;06/07/2006;13;171.10;25.25;
